{
  "camera_angle_x": 1.7974537590012667,
  "camera_angle_y": 1.5111009538303797,
  "fl_x": 1603.9862124283575,
  "fl_y": 1605.0648115439578,
  "k1": -0.0021129361114635837,
  "k2": 0.0003396859942998726,
  "p1": 0.00029637831831176754,
  "p2": 0.00021538358530824386,
  "cx": 2013.1468209209895,
  "cy": 1510.662503494556,
  "w": 4032.0,
  "h": 3024.0,
  "aabb_scale": 8,
  "frames": [
    {
      "file_path": "images/IMG_0953.JPG",
      "sharpness": 158.20338900723112,
      "transform_matrix": [
        [
          -0.30689117862888987,

          -0.2557218872494309,
          0.9167464867034987,
          -3.6452264999903425
        ],
        [
          0.9516015477021101,
          -0.06574485934220048,
          0.30022009906270253,
          -0.5986172403666868
        ],
        [
          -0.01650148150174739,
          0.9645122756469564,
          0.26352186106018133,
          0.4967424747895686
        ],
        [
          0.0,
          0.0,
          0.0,
          1.0
        ]
      ]
    },
    {
      "file_path": "images/IMG_0961.JPG",
      "sharpness": 159.73758479805662,
      "transform_matrix": [
        [
          -0.5505810441247976,
          -0.09582410513710965,
          -0.8292636822790254,
          -4.191083605526673
        ],
        [
          -0.8300859972324084,
          0.16806280007972363,
          0.5317068105904201,
          -0.16719461909837566
        ],
        [
          0.08841804712810161,
          0.9811078616163432,
          -0.17207443981807213,
          0.3412037871309577
        ],
        [
          0.0,
          0.0,
          0.0,
          1.0
        ]
      ]
    },
    {
      "file_path": "images/IMG_0962.JPG",
      "sharpness": 139.40462575066553,
      "transform_matrix": [
        [
          -0.9881707373342838,
          0.07464038687405719,
          -0.13396793103335383,
          1.13355823692525
        ],
        [
          -0.12704974890748805,
          0.09080193438144481,
          0.9877314260543338,
          -1.5121749316188366
        ],
        [
          0.08588920305126824,
          0.9930678835717978,
          -0.08024477203838483,
          0.5327572502058064
        ],
        [
          0.0,
          0.0,
          0.0,
          1.0
        ]
      ]
    },
    {
      "file_path": "images/IMG_0951.JPG",
      "sharpness": 126.26320281418514,
      "transform_matrix": [
        [
          0.9815412883629067,
          0.04553186988390062,
          -0.18575130708990611,
          -2.930907537146087
        ],
        [
          -0.1911949272662412,
          0.25699462052508737,
          -0.9473110707729634,
          1.5759557561567679
        ],
        [
          0.004604242263596195,
          0.9653396365356032,
          0.260956293483279,
          0.4883148222657212
        ],
        [
          0.0,
          0.0,
          0.0,
          1.0
        ]
      ]
    },
    {
      "file_path": "images/IMG_0952.JPG",
      "sharpness": 144.9819351759387,
      "transform_matrix": [
        [
          0.9769938961109234,
          0.0901109391649571,
          0.19329497051567604,
          -2.485799329985627
        ],
        [
          0.21029479915114618,
          -0.25625583167295024,
          -0.9434559057972871,
          0.5572027363415349
        ],
        [
          -0.03548273430442585,
          0.9623995882152723,
          -0.2693102452403164,
          0.6413684513594047
        ],
        [
          0.0,
          0.0,
          0.0,
          1.0
        ]
      ]
    },
    {
      "file_path": "images/IMG_0966.JPG",
      "sharpness": 169.01467550032692,
      "transform_matrix": [
        [
          0.3683309686213752,
          0.019639314098091082,
          -0.9294872752857052,
          -1.340817269112069
        ],
        [
          -0.9294615327668966,
          0.03017047340746639,
          -0.3676832898585096,
          -3.445765558460103
        ],
        [
          0.020822023503435018,
          0.9993518098738565,
          0.02936670667803981,
          0.7025968291817218
        ],
        [
          0.0,
          0.0,
          0.0,
          1.0
        ]
      ]
    },
    {
      "file_path": "images/IMG_0944.JPG",
      "sharpness": 159.25504747254192,
      "transform_matrix": [
        [
          0.8439713165470454,
          -0.2811069890347081,
          0.4568274045890145,
          2.9452526663162155
        ],
        [
          0.5363734433133072,
          0.435950413403118,
          -0.7226691956642904,
          0.4696478539918533
        ],
        [
          0.003993265776868635,
          0.8549421604920769,
          0.5187079679970408,
          0.2935935971068138
        ],
        [
          0.0,
          0.0,
          0.0,
          1.0
        ]
      ]
    },
    {
      "file_path": "images/IMG_0955.JPG",
      "sharpness": 154.24603031887983,
      "transform_matrix": [
        [
          -0.39136228077545,
          0.10374946630860946,
          -0.9143695169070131,
          -6.45617695887347
        ],
        [
          -0.9184664034169447,
          0.017564620488677404,
          0.39510878236458635,
          -1.6499368495410687
        ],
        [
          0.05705287885505734,
          0.9944483558082894,
          0.08841626924149208,
          0.7032644627064196
        ],
        [
          0.0,
          0.0,
          0.0,
          1.0
        ]
      ]
    },
    {
      "file_path": "images/IMG_0946.JPG",
      "sharpness": 101.00716440343074,
      "transform_matrix": [
        [
          0.4906708871888377,
          0.5401545819357558,
          -0.6837215135572202,
          1.136965908056261
        ],
        [
          -0.8662605446283315,
          0.21775241888744243,
          -0.44964047069752344,
          1.470573517570277
        ],
        [
          -0.09399334704854909,
          0.8129064593813449,
          0.5747593748941731,
          0.1393935792505477
        ],
        [
          0.0,
          0.0,
          0.0,
          1.0
        ]
      ]
    },
    {
      "file_path": "images/IMG_0954.JPG",
      "sharpness": 139.4989240292096,
      "transform_matrix": [
        [
          -0.22092896501397938,
          0.3523295509382918,
          0.9094252470518518,
          -3.2172132863301792
        ],
        [
          0.9749647668083182,
          0.10386095214502994,
          0.1966128330046785,
          -0.6074955945556342
        ],
        [
          -0.02518126090229069,
          0.9300950436256957,
          -0.366454791132999,
          0.6800560108263881
        ],
        [
          0.0,
          0.0,
          0.0,
          1.0
        ]
      ]
    },
    {
      "file_path": "images/IMG_0945.JPG",
      "sharpness": 99.36291872924593,
      "transform_matrix": [
        [
          0.9260791883911115,
          0.21758806865892294,
          -0.308273854272443,
          1.834239881259956
        ],
        [
          -0.3756207092339431,
          0.453950266024663,
          -0.807984058488113,
          0.6702606233759262
        ],
        [
          -0.03586669263820294,
          0.8640512648977249,
          0.502124478600558,
          0.26826952249102426
        ],
        [
          0.0,
          0.0,
          0.0,
          1.0
        ]
      ]
    },
    {
      "file_path": "images/IMG_0967.JPG",
      "sharpness": 198.30283413196835,
      "transform_matrix": [
        [
          -0.10919987079852407,
          0.0667843523804662,
          -0.9917737839429692,
          -3.0537929052932906
        ],
        [
          -0.9920225319790706,
          0.05589538459171295,
          0.11299115906730726,
          0.582515872949323
        ],
        [
          0.06298161846449904,
          0.9962005602690939,
          0.06014781356940373,
          0.49776089258891476
        ],
        [
          0.0,
          0.0,
          0.0,
          1.0
        ]
      ]
    },
    {
      "file_path": "images/IMG_0947.JPG",
      "sharpness": 152.15152964644415,
      "transform_matrix": [
        [
          -0.3781486709885006,
          0.3727665179828866,
          -0.847377546151886,
          1.100636241366733
        ],
        [
          -0.9245059142226799,
          -0.1047228439020656,
          0.3664995778067761,
          2.4393280148141714
        ],
        [
          0.04787898496945047,
          0.9219968812624006,
          0.3842256547430762,
          0.31885651087442785
        ],
        [
          0.0,
          0.0,
          0.0,
          1.0
        ]
      ]
    },
    {
      "file_path": "images/IMG_0943.JPG",
      "sharpness": 216.5464552916322,
      "transform_matrix": [
        [
          -0.13466076024195445,
          -0.4812936229825762,
          0.8661541018486334,
          3.4727656036686616
        ],
        [
          0.9888023140099824,
          -0.008533368952895623,
          0.14898713173631328,
          1.4798223963697552
        ],
        [
          -0.06431534389001425,
          0.876517900623047,
          0.4770533580740415,
          0.3999235169677949
        ],
        [
          0.0,
          0.0,
          0.0,
          1.0
        ]
      ]
    },
    {
      "file_path": "images/IMG_0964.JPG",
      "sharpness": 173.25657340139546,
      "transform_matrix": [
        [
          0.8590145685197015,
          -0.058943981812327004,
          0.5085465348430435,
          0.8027258704071708
        ],
        [
          0.5113709119805344,
          0.14607160587704116,
          -0.8468546961178726,
          -6.388542182481806
        ],
        [
          -0.024367221202072464,
          0.9875164266918056,
          0.1556198752305801,
          0.6231717774950384
        ],
        [
          0.0,
          0.0,
          0.0,
          1.0
        ]
      ]
    },
    {
      "file_path": "images/IMG_0942.JPG",
      "sharpness": 196.09105203638597,
      "transform_matrix": [
        [
          -0.8326101216144952,
          -0.2819576723861039,
          0.4767182148707493,
          2.6722746276676994
        ],
        [
          0.551892814487877,
          -0.49482909421002147,
          0.6712365371760801,
          2.083876934420658
        ],
        [
          0.046633750815235034,
          0.8219756921729232,
          0.5676101256882142,
          0.14803633659526338
        ],
        [
          0.0,
          0.0,
          0.0,
          1.0
        ]
      ]
    },
    {
      "file_path": "images/IMG_0965.JPG",
      "sharpness": 159.92943882697702,
      "transform_matrix": [
        [
          0.9999269754174365,
          -0.007054027889040887,
          -0.009812468849705408,
          0.5821873000908827
        ],
        [
          -0.01108277819969554,
          -0.21153395786045778,
          -0.9773078106203092,
          -6.68867124702104
        ],
        [
          0.004818286180132539,
          0.9773451925412551,
          -0.21159668890799563,
          0.5403077869472346
        ],
        [
          0.0,
          0.0,
          0.0,
          1.0
        ]
      ]
    },
    {
      "file_path": "images/IMG_0939.JPG",
      "sharpness": 190.12270221378836,
      "transform_matrix": [
        [
          -0.8094085678613658,
          -0.3450418608095882,
          0.4751882622535175,
          3.142038432514237
        ],
        [
          0.5855876356899238,
          -0.5350004438492223,
          0.6089841098160247,
          1.8136068888042045
        ],
        [
          0.04410092076318067,
          0.7711813271771581,
          0.6350861905467324,
          0.32539161195188926
        ],
        [
          0.0,
          0.0,
          0.0,
          1.0
        ]
      ]
    },
    {
      "file_path": "images/IMG_0948.JPG",
      "sharpness": 200.82083992340844,
      "transform_matrix": [
        [
          -0.8385966894482942,
          0.06593644109282025,
          -0.540747610447075,
          1.7032053350094114
        ],
        [
          -0.5347967653811865,
          -0.2885600799183537,
          0.7941822838716116,
          2.9920940311480644
        ],
        [
          -0.10367262030880492,
          0.955188707027921,
          0.27724812314365427,
          0.2768756052253309
        ],
        [
          0.0,
          0.0,
          0.0,
          1.0
        ]
      ]
    },
    {
      "file_path": "images/IMG_0937.JPG",
      "sharpness": 202.02111948421808,
      "transform_matrix": [
        [
          -0.7637094048689429,
          -0.3547193477574202,
          0.5393719767128466,
          2.5506890752439544
        ],
        [
          0.6420106656763845,
          -0.5048274356512212,
          0.577036883891986,
          2.3072223421214537
        ],
        [
          0.06760362477993707,
          0.7869710570011802,
          0.6132750650247429,
          0.40795032455264285
        ],
        [
          0.0,
          0.0,
          0.0,
          1.0
        ]
      ]
    },
    {
      "file_path": "images/IMG_0969.JPG",
      "sharpness": 216.08350957795102,
      "transform_matrix": [
        [
          0.5284780785485773,
          -0.133674116562181,
          0.838356816085354,
          3.405871192975781
        ],
        [
          0.8478826424860806,
          0.13254252196959637,
          -0.5133493006140715,
          -0.9337833253778379
        ],
        [
          -0.04249641246695443,
          0.9821220445814477,
          0.1833857805192092,
          0.3647161257875044
        ],
        [
          0.0,
          0.0,
          0.0,
          1.0
        ]
      ]
    },
    {
      "file_path": "images/IMG_0970.JPG",
      "sharpness": 198.19949245311292,
      "transform_matrix": [
        [
          -0.11882856409059385,
          -0.12574794836114217,
          0.984919908348379,
          3.4086166749064
        ],
        [
          0.9926925429891131,
          0.005940684793540775,
          0.12052478317004911,
          -0.718015851085756
        ],
        [
          -0.021006842932685975,
          0.9920444353803834,
          0.12412312759055463,
          0.3620754152841075
        ],
        [
          0.0,
          0.0,
          0.0,
          1.0
        ]
      ]
    },
    {
      "file_path": "images/IMG_0949.JPG",
      "sharpness": 155.5222736386666,
      "transform_matrix": [
        [
          -0.01175015740139404,
          0.12383365220515723,
          -0.9922334203222661,
          -1.6909828474016215
        ],
        [
          -0.9997491791392965,
          0.01746564051297573,
          0.014018923352772147,
          2.407607608439357
        ],
        [
          0.019066006703067025,
          0.9921492720377548,
          0.12359736811678346,
          1.05311251662976
        ],
        [
          0.0,
          0.0,
          0.0,
          1.0
        ]
      ]
    },
    {
      "file_path": "images/IMG_0971.JPG",
      "sharpness": 226.55795041702532,
      "transform_matrix": [
        [
          -0.812203600002106,
          -0.043224634100553896,
          0.5817705244959912,
          -0.5175847092960495
        ],
        [
          0.5833680747136523,
          -0.06470224995873998,
          0.8096266474464382,
          0.44361872319646556
        ],
        [
          0.0026460463006364177,
          0.996968028514011,
          0.07776727192016696,
          0.39906297982382305
        ],
        [
          0.0,
          0.0,
          0.0,
          1.0
        ]
      ]
    },
    {
      "file_path": "images/IMG_0968.JPG",
      "sharpness": 219.53783558030412,
      "transform_matrix": [
        [
          0.9528255263117704,
          -0.038508091582776544,
          0.3010658454776924,
          2.478803401500532
        ],
        [
          0.30335154501267625,
          0.15372222000214072,
          -0.9403974262067241,
          -2.8186499520824606
        ],
        [
          -0.010067599921076517,
          0.9873634619438622,
          0.15815194425647847,
          0.4938218294452035
        ],
        [
          0.0,
          0.0,
          0.0,
          1.0
        ]
      ]
    },
    {
      "file_path": "images/IMG_0973.JPG",
      "sharpness": 184.36293891524966,
      "transform_matrix": [
        [
          0.003841846755754663,
          0.18700275712402897,
          -0.9823518763983531,
          -2.057628105653344
        ],
        [
          -0.9985812913208495,
          0.052890653364387405,
          0.006163068299866278,
          1.0462102485232807
        ],
        [
          0.05310974334085952,
          0.9809345277013735,
          0.18694065247450964,
          0.3536873711846543
        ],
        [
          0.0,
          0.0,
          0.0,
          1.0
        ]
      ]
    },
    {
      "file_path": "images/IMG_0950.JPG",
      "sharpness": 134.60529075838343,
      "transform_matrix": [
        [
          -0.7468480522374201,
          -0.202324527604985,
          -0.6334688409230866,
          -1.8805165328977327
        ],
        [
          -0.6649429333975052,
          0.21532176998457447,
          0.7151834944233726,
          1.9743340286115008
        ],
        [
          -0.008299530602455377,
          0.9553540291017631,
          -0.29534690940121655,
          0.9230881566364381
        ],
        [
          0.0,
          0.0,
          0.0,
          1.0
        ]
      ]
    },
    {
      "file_path": "images/IMG_0941.JPG",
      "sharpness": 190.45300706087284,
      "transform_matrix": [
        [
          -0.8235954720110481,
          -0.20396373040387292,
          0.5292346315052363,
          2.389027096759476
        ],
        [
          0.5668681638801837,
          -0.3268344247808221,
          0.7562008619126894,
          2.335739207991824
        ],
        [
          0.01873454763176806,
          0.9228098696253219,
          0.3847998976990168,
          -0.24101890973626505
        ],
        [
          0.0,
          0.0,
          0.0,
          1.0
        ]
      ]
    },
    {
      "file_path": "images/IMG_0957.JPG",
      "sharpness": 181.2348916141252,
      "transform_matrix": [
        [
          0.7824101534720642,
          0.09662696037522628,
          -0.6152215717075539,
          -7.755351957148354
        ],
        [
          -0.6124884283373055,
          0.2981070741915207,
          -0.7321134457651108,
          -1.4617922745881438
        ],
        [
          0.11266000580713204,
          0.9496290869944093,
          0.2924248967645294,
          0.21491222728955106
        ],
        [
          0.0,
          0.0,
          0.0,
          1.0
        ]
      ]
    },
    {
      "file_path": "images/IMG_0972.JPG",
      "sharpness": 225.1748660193682,
      "transform_matrix": [
        [
          -0.8574430981063781,
          0.08814870663415543,
          -0.5069725229736908,
          -1.7220143964393857
        ],
        [
          -0.5135772784385284,
          -0.08515816797802442,
          0.8538070423102027,
          0.7078872596457522
        ],
        [
          0.03208913522314155,
          0.9924605241354464,
          0.11828945623118647,
          0.3891909500873687
        ],
        [
          0.0,
          0.0,
          0.0,
          1.0
        ]
      ]
    },
    {
      "file_path": "images/IMG_0976.JPG",
      "sharpness": 182.4239157749586,
      "transform_matrix": [
        [
          -0.9081384972155899,
          0.04938551217893643,
          -0.41574696761814367,
          -2.7796936020102834
        ],
        [
          -0.4180551654788639,
          -0.05317343491023979,
          0.906864082669769,
          3.9497872962871226
        ],
        [
          0.022679252877554984,
          0.9973633525594578,
          0.0689347117373999,
          0.9764023355065687
        ],
        [
          0.0,
          0.0,
          0.0,
          1.0
        ]
      ]
    },
    {
      "file_path": "images/IMG_0960.JPG",
      "sharpness": 186.82525723419423,
      "transform_matrix": [
        [
          -0.7846448129904423,
          0.1431670191433661,
          -0.6031879658105296,
          -2.457323945416062
        ],
        [
          -0.6179368758021214,
          -0.10235415397852766,
          0.7795368141963848,
          -2.913600400264199
        ],
        [
          0.04986516807044662,
          0.9843916049086833,
          0.16877983653463108,
          0.5033648906955733
        ],
        [
          0.0,
          0.0,
          0.0,
          1.0
        ]
      ]
    },
    {
      "file_path": "images/IMG_0940.JPG",
      "sharpness": 162.8824571801898,
      "transform_matrix": [
        [
          -0.7854000312207619,
          -0.14078399174959144,
          0.6027658406440475,
          3.203849303356075
        ],
        [
          0.6147433173960002,
          -0.2912604974647234,
          0.732978837575655,
          1.8646682857182784
        ],
        [
          0.07237019197885136,
          0.946227874406588,
          0.31530202192656337,
          -0.34397054366598184
        ],
        [
          0.0,
          0.0,
          0.0,
          1.0
        ]
      ]
    },
    {
      "file_path": "images/IMG_0958.JPG",
      "sharpness": 223.57052561314643,
      "transform_matrix": [
        [
          -0.29848554022868273,
          -0.26334953678094486,
          0.9173621987925498,
          -1.3775888139744887
        ],
        [
          0.9542854594279074,
          -0.06656527664151181,
          0.2913903324928649,
          -3.982307458618467
        ],
        [
          -0.015673040541349843,
          0.9624012081480918,
          0.271179406255944,
          0.48240756396233325
        ],
        [
          0.0,
          0.0,
          0.0,
          1.0
        ]
      ]
    },
    {
      "file_path": "images/IMG_0974.JPG",
      "sharpness": 169.7638579242496,
      "transform_matrix": [
        [
          -0.20729459903250558,
          0.17236535256540148,
          -0.9629741089296252,
          -1.9621001642713463
        ],
        [
          -0.9759096285059907,
          0.03202665440599381,
          0.21581170125147092,
          3.9478519955219635
        ],
        [
          0.06803929896255784,
          0.9845123049838446,
          0.16157405470596192,
          0.2623861050375022
        ],
        [
          0.0,
          0.0,
          0.0,
          1.0
        ]
      ]
    },
    {
      "file_path": "images/IMG_0963.JPG",
      "sharpness": 158.81965124012925,
      "transform_matrix": [
        [
          0.9751626570937122,
          0.018214704854843944,
          -0.22073970363038414,
          0.328248558618253
        ],
        [
          -0.21994457026768655,
          0.19715768345406534,
          -0.9553811981952465,
          -6.961954975490136
        ],
        [
          0.026118542065109926,
          0.9802025670254526,
          0.1962670358953588,
          0.656480173565812
        ],
        [
          0.0,
          0.0,
          0.0,
          1.0
        ]
      ]
    },
    {
      "file_path": "images/IMG_0975.JPG",
      "sharpness": 191.83439948295558,
      "transform_matrix": [
        [
          0.1948588448800514,
          0.12666194138599607,
          -0.9726185188439456,
          -5.879400074841668
        ],
        [
          -0.975144824265783,
          0.13164218892963825,
          -0.1782215076854216,
          -1.1373525151210506
        ],
        [
          0.10546374865394492,
          0.9831719517560877,
          0.1491653814463208,
          1.29123247023745
        ],
        [
          0.0,
          0.0,
          0.0,
          1.0
        ]
      ]
    },
    {
      "file_path": "images/IMG_0978.JPG",
      "sharpness": 179.98560314541817,
      "transform_matrix": [
        [
          0.9059994244499133,
          -0.0004835623071080819,
          0.42327864236902984,
          1.1461095876551843
        ],
        [
          0.4229236674870628,
          0.041995862418651525,
          -0.9051916476742379,
          -5.8316330940907655
        ],
        [
          -0.017338235068159014,
          0.9991176676093833,
          0.03825273712495671,
          1.2420122838891774
        ],
        [
          0.0,
          0.0,
          0.0,
          1.0
        ]
      ]
    },
    {
      "file_path": "images/IMG_0977.JPG",
      "sharpness": 167.46280007652095,
      "transform_matrix": [
        [
          -0.008276059185897341,
          0.01174841246597555,
          0.9998967355035864,
          3.8563912954572133
        ],
        [
          0.9988229171853539,
          -0.04769542986248206,
          0.008827574738751634,
          -1.1730557184352
        ],
        [
          0.04779421460704119,
          0.9987928317708105,
          -0.011339853411123854,
          1.0971371045661473
        ],
        [
          0.0,
          0.0,
          0.0,
          1.0
        ]
      ]
    },
    {
      "file_path": "images/IMG_0956.JPG",
      "sharpness": 204.89269650812227,
      "transform_matrix": [
        [
          0.5947899169329041,
          0.10203253935854376,
          -0.7973796559035377,
          -6.521793023005762
        ],
        [
          -0.8034273304544484,
          0.10877739407755746,
          -0.585381929356151,
          -1.5796873415407138
        ],
        [
          0.027008876312834523,
          0.9888158774370345,
          0.14667542790389154,
          0.7026595840626041
        ],
        [
          0.0,
          0.0,
          0.0,
          1.0
        ]
      ]
    },
    {
      "file_path": "images/IMG_0959.JPG",
      "sharpness": 181.60661418296812,
      "transform_matrix": [
        [
          0.41431934191223074,
          0.24530458347713496,
          -0.8764503090674187,
          -4.044631331672507
        ],
        [
          -0.9096452964838094,
          0.1430857126942315,
          -0.38996398988606906,
          -4.779005343208712
        ],
        [
          0.029747563003907233,
          0.9588285249040224,
          0.2824233388864123,
          0.5483727587262484
        ],
        [
          0.0,
          0.0,
          0.0,
          1.0
        ]
      ]
    }
  ]
}
