{
  "camera_angle_x": 1.7974537590012667,
  "camera_angle_y": 1.5111009538303797,
  "fl_x": 1603.9862124283575,
  "fl_y": 1605.0648115439578,
  "k1": -0.0021129361114635837,
  "k2": 0.0003396859942998726,
  "p1": 0.00029637831831176754,
  "p2": 0.00021538358530824386,
  "cx": 2013.1468209209895,
  "cy": 1510.662503494556,
  "w": 4032.0,
  "h": 3024.0,
  "aabb_scale": 8,
  "frames": [
    
   
    {
      "file_path": "images/IMG_0943.JPG",
      "sharpness": 216.5464552916322,
      "transform_matrix": [
        [
          -0.13466076024195445,
          -0.4812936229825762,
          0.8661541018486334,
          3.4727656036686616
        ],
        [
          0.9888023140099824,
          -0.008533368952895623,
          0.14898713173631328,
          1.4798223963697552
        ],
        [
          -0.06431534389001425,
          0.876517900623047,
          0.4770533580740415,
          0.3999235169677949
        ],
        [
          0.0,
          0.0,
          0.0,
          1.0
        ]
      ]
    },
    {
      "file_path": "images/IMG_0942.JPG",
      "sharpness": 196.09105203638597,
      "transform_matrix": [
        [
          -0.8326101216144952,
          -0.2819576723861039,
          0.4767182148707493,
          2.6722746276676994
        ],
        [
          0.551892814487877,
          -0.49482909421002147,
          0.6712365371760801,
          2.083876934420658
        ],
        [
          0.046633750815235034,
          0.8219756921729232,
          0.5676101256882142,
          0.14803633659526338
        ],
        [
          0.0,
          0.0,
          0.0,
          1.0
        ]
      ]
    },
    {
      "file_path": "images/IMG_0939.JPG",
      "sharpness": 190.12270221378836,
      "transform_matrix": [
        [
          -0.8094085678613658,
          -0.3450418608095882,
          0.4751882622535175,
          3.142038432514237
        ],
        [
          0.5855876356899238,
          -0.5350004438492223,
          0.6089841098160247,
          1.8136068888042045
        ],
        [
          0.04410092076318067,
          0.7711813271771581,
          0.6350861905467324,
          0.32539161195188926
        ],
        [
          0.0,
          0.0,
          0.0,
          1.0
        ]
      ]
    },
    {
      "file_path": "images/IMG_0937.JPG",
      "sharpness": 202.02111948421808,
      "transform_matrix": [
        [
          -0.7637094048689429,
          -0.3547193477574202,
          0.5393719767128466,
          2.5506890752439544
        ],
        [
          0.6420106656763845,
          -0.5048274356512212,
          0.577036883891986,
          2.3072223421214537
        ],
        [
          0.06760362477993707,
          0.7869710570011802,
          0.6132750650247429,
          0.40795032455264285
        ],
        [
          0.0,
          0.0,
          0.0,
          1.0
        ]
      ]
    },
    {
      "file_path": "images/IMG_0941.JPG",
      "sharpness": 190.45300706087284,
      "transform_matrix": [
        [
          -0.8235954720110481,
          -0.20396373040387292,
          0.5292346315052363,
          2.389027096759476
        ],
        [
          0.5668681638801837,
          -0.3268344247808221,
          0.7562008619126894,
          2.335739207991824
        ],
        [
          0.01873454763176806,
          0.9228098696253219,
          0.3847998976990168,
          -0.24101890973626505
        ],
        [
          0.0,
          0.0,
          0.0,
          1.0
        ]
      ]
    },
    {
      "file_path": "images/IMG_0940.JPG",
      "sharpness": 162.8824571801898,
      "transform_matrix": [
        [
          -0.7854000312207619,
          -0.14078399174959144,
          0.6027658406440475,
          3.203849303356075
        ],
        [
          0.6147433173960002,
          -0.2912604974647234,
          0.732978837575655,
          1.8646682857182784
        ],
        [
          0.07237019197885136,
          0.946227874406588,
          0.31530202192656337,
          -0.34397054366598184
        ],
        [
          0.0,
          0.0,
          0.0,
          1.0
        ]
      ]
    }
  ]
}
