{
  "camera_angle_x": 1.236029845741244,
  "camera_angle_y": 0.9789388132958307,
  "fl_x": 720.1971583728154,
  "fl_y": 720.8468273830854,
  "k1": 0.06073304726292577,
  "k2": -0.0753731484763939,
  "p1": 0.001497104274065054,
  "p2": 0.001594129806623742,
  "cx": 516.0605648592302,
  "cy": 389.40037410529595,
  "w": 1024.0,
  "h": 768.0,
  "aabb_scale": 16,
  "frames": [
    {
      "file_path": "images/16890518679.jpg",
      "sharpness": 296.4635208254379,
      "transform_matrix": [
        [
          -0.5774626978959966,
          -0.07362735401276227,
          0.8130903057007832,
          0.9861726624436432
        ],
        [
          0.7065709810689659,
          0.45387712647637,
          0.5429115975490894,
          2.1498831732859793
        ],
        [
          -0.4090162359076458,
          0.8880172108363905,
          -0.21007415821001768,
          -0.5992285887575379
        ],
        [
          0.0,
          0.0,
          0.0,
          1.0
        ]
      ]
    },
    {
      "file_path": "images/16894535652.jpg",
      "sharpness": 1258.2649464667363,
      "transform_matrix": [
        [
          -0.8344410937227903,
          -0.1677776312119857,
          0.524936879554528,
          0.18214917798085273
        ],
        [
          0.28962743356072485,
          0.6768694910527301,
          0.6767301100080876,
          3.8455022089584925
        ],
        [
          -0.4688539333258648,
          0.7167275343570462,
          -0.5162147136848033,
          0.1588113799217137
        ],
        [
          0.0,
          0.0,
          0.0,
          1.0
        ]
      ]
    },
    {
      "file_path": "images/16891052053.jpg",
      "sharpness": 516.153945609824,
      "transform_matrix": [
        [
          -0.5644208896035713,
          -0.06227372924696802,
          0.8231348868621868,
          0.6652468939084948
        ],
        [
          0.6992477634932965,
          0.49389462978176607,
          0.5168371696219876,
          2.635498551110302
        ],
        [
          -0.43872727817306456,
          0.867288923749926,
          -0.23521968041152141,
          -0.7376010798815411
        ],
        [
          0.0,
          0.0,
          0.0,
          1.0
        ]
      ]
    },
    {
      "file_path": "images/16899086001.jpg",
      "sharpness": 1270.2895826386643,
      "transform_matrix": [
        [
          -0.9587778407741733,
          -0.24493468497083903,
          0.14405572561854713,
          -1.2781787109744922
        ],
        [
          0.03061115069150715,
          0.4149793756982274,
          0.9093157180973853,
          4.039667344210765
        ],
        [
          -0.2825031140341551,
          0.8762414723043117,
          -0.39037529724654196,
          1.50600827135143
        ],
        [
          0.0,
          0.0,
          0.0,
          1.0
        ]
      ]
    },
    {
      "file_path": "images/16901719537.jpg",
      "sharpness": 746.9161055530357,
      "transform_matrix": [
        [
          -0.8929980378315219,
          0.2553316377237467,
          -0.3706214499340229,
          -1.897484943354634
        ],
        [
          -0.3972658728022151,
          -0.06019412332885494,
          0.9157273031879504,
          3.5583447250366262
        ],
        [
          0.21150491876568162,
          0.9649779387228533,
          0.15518777993599936,
          2.1710561683769396
        ],
        [
          0.0,
          0.0,
          0.0,
          1.0
        ]
      ]
    },
    {
      "file_path": "images/16898269272.jpg",
      "sharpness": 1150.5535485189757,
      "transform_matrix": [
        [
          -0.9155728545657769,
          -0.2061841815666317,
          0.3452744288226537,
          -0.6665366819477758
        ],
        [
          0.16657067291320662,
          0.5870247725217894,
          0.7922475164691241,
          3.8406116539808433
        ],
        [
          -0.3660335488185919,
          0.7828729141249956,
          -0.5031197088109882,
          1.0541015431179939
        ],
        [
          0.0,
          0.0,
          0.0,
          1.0
        ]
      ]
    },
    {
      "file_path": "images/16899752719.jpg",
      "sharpness": 1486.2872725145014,
      "transform_matrix": [
        [
          -0.943826977769732,
          -0.330393139709894,
          0.005568591521078035,
          -1.468385754675082
        ],
        [
          -0.08997959171153352,
          0.273185004691024,
          0.9577440296174669,
          3.8480062427823896
        ],
        [
          -0.31795331268452853,
          0.9034435933593836,
          -0.2875680171649272,
          1.7604509103568668
        ],
        [
          0.0,
          0.0,
          0.0,
          1.0
        ]
      ]
    },
    {
      "file_path": "images/16900802799.jpg",
      "sharpness": 906.3950578342119,
      "transform_matrix": [
        [
          -0.967671265401821,
          -0.19636025593232784,
          -0.15828762412351133,
          -1.5926673475064186
        ],
        [
          -0.17369591022359687,
          0.0637928876848476,
          0.9827309897591184,
          3.4465532212899554
        ],
        [
          -0.18287168403411774,
          0.978454453359054,
          -0.09583751773553685,
          2.0720795646670407
        ],
        [
          0.0,
          0.0,
          0.0,
          1.0
        ]
      ]
    },
    {
      "file_path": "images/16889968635.jpg",
      "sharpness": 173.26904975971988,
      "transform_matrix": [
        [
          -0.5686078192254058,
          -0.06647755485896921,
          0.8199182169951693,
          1.2004471184102177
        ],
        [
          0.732280668273858,
          0.4131880045151476,
          0.5413323339480973,
          1.8066510983898496
        ],
        [
          -0.3747668218728204,
          0.9082160577535595,
          -0.18626170188011734,
          -0.5294997855229424
        ],
        [
          0.0,
          0.0,
          0.0,
          1.0
        ]
      ]
    },
    {
      "file_path": "images/16889768621.jpg",
      "sharpness": 157.69311007019132,
      "transform_matrix": [
        [
          -0.567667992218762,
          -0.07268484744504936,
          0.8200426595653705,
          1.2286831467335766
        ],
        [
          0.7351241194761843,
          0.40365337239720095,
          0.5446618069015333,
          1.729696398398352
        ],
        [
          -0.3706016453869145,
          0.9120202124079377,
          -0.17570871498374874,
          -0.5042577546129405
        ],
        [
          0.0,
          0.0,
          0.0,
          1.0
        ]
      ]
    },
    {
      "file_path": "images/16889135240.jpg",
      "sharpness": 48.29059421670616,
      "transform_matrix": [
        [
          -0.5864185057338304,
          -0.11633919577164713,
          0.801609959771549,
          1.3118683561790576
        ],
        [
          0.7318134394065221,
          0.34812426450920675,
          0.5858827411218328,
          1.3767811212605336
        ],
        [
          -0.34722100458732746,
          0.9302014233068471,
          -0.11900792400773999,
          -0.39885947198366667
        ],
        [
          0.0,
          0.0,
          0.0,
          1.0
        ]
      ]
    },
    {
      "file_path": "images/16881251295.jpg",
      "sharpness": 583.8123846123143,
      "transform_matrix": [
        [
          -0.5677278050530961,
          -0.07465741073878834,
          0.8198240118075404,
          2.6274280786699706
        ],
        [
          0.7395143608161681,
          0.3912725970031023,
          0.547744707835333,
          1.0570976240602836
        ],
        [
          -0.3616678718182985,
          0.9172415307824029,
          -0.16692610529131083,
          0.37852084607987374
        ],
        [
          0.0,
          0.0,
          0.0,
          1.0
        ]
      ]
    },
    {
      "file_path": "images/16879951195.jpg",
      "sharpness": 827.3549577930098,
      "transform_matrix": [
        [
          -0.6228615043417092,
          -0.22614798008601844,
          0.7489329993110422,
          2.354789294232326
        ],
        [
          0.6497392566706285,
          0.3836814938460318,
          0.6562220733880328,
          1.9446559042457043
        ],
        [
          -0.43575502835081226,
          0.8953466380811664,
          -0.09204321196635994,
          0.5145892179749401
        ],
        [
          0.0,
          0.0,
          0.0,
          1.0
        ]
      ]
    },
    {
      "file_path": "images/16878434411.jpg",
      "sharpness": 513.0034539346415,
      "transform_matrix": [
        [
          -0.6655881607321087,
          -0.3592485089431094,
          0.6541658115953768,
          1.8895723372191942
        ],
        [
          0.5439189647735807,
          0.36667735613191277,
          0.7547846555410747,
          2.5950308345074187
        ],
        [
          -0.5110230523439493,
          0.8581889216636285,
          -0.04865402996916394,
          0.5216318861946101
        ],
        [
          0.0,
          0.0,
          0.0,
          1.0
        ]
      ]
    },
    {
      "file_path": "images/16888601864.jpg",
      "sharpness": 37.85305706098575,
      "transform_matrix": [
        [
          -0.5941966125585039,
          -0.15307971594545214,
          0.7896182534205346,
          1.3850706041590592
        ],
        [
          0.7371497529666367,
          0.2891045070852417,
          0.6107608579998705,
          1.0889983566678954
        ],
        [
          -0.321777294593874,
          0.9449789333537425,
          -0.05894224399205381,
          -0.3009159567518719
        ],
        [
          0.0,
          0.0,
          0.0,
          1.0
        ]
      ]
    },
    {
      "file_path": "images/16917420725.jpg",
      "sharpness": 442.7553979121003,
      "transform_matrix": [
        [
          -0.6760700855803038,
          0.2909242141343747,
          0.6769729248342017,
          3.6644638902881095
        ],
        [
          0.6788792842200182,
          0.6031037597684675,
          0.41879442736331424,
          3.461274966626742
        ],
        [
          -0.28644747656443564,
          0.7427172789958452,
          -0.6052428327342866,
          -4.590575144271849
        ],
        [
          0.0,
          0.0,
          0.0,
          1.0
        ]
      ]
    },
    {
      "file_path": "images/16858232824.jpg",
      "sharpness": 83.32217864681857,
      "transform_matrix": [
        [
          -0.7937465616366648,
          -0.1794479942529351,
          -0.5811753721497558,
          -2.6689994934236116
        ],
        [
          -0.3958805083576265,
          -0.5729982883681103,
          0.7176012713270752,
          1.8369561028791215
        ],
        [
          -0.4617846022965099,
          0.7996695435135437,
          0.3837754580272734,
          1.2855922889053681
        ],
        [
          0.0,
          0.0,
          0.0,
          1.0
        ]
      ]
    },
    {
      "file_path": "images/16859349583.jpg",
      "sharpness": 113.38641816998522,
      "transform_matrix": [
        [
          -0.8050206844015019,
          0.0975561694203678,
          -0.5851704806623435,
          -2.54007121627334
        ],
        [
          -0.4442617111888492,
          -0.7528361811835445,
          0.4856636863643852,
          1.419136538030111
        ],
        [
          -0.39315802113489395,
          0.6509381522622687,
          0.6493891685823119,
          2.1289737512865674
        ],
        [
          0.0,
          0.0,
          0.0,
          1.0
        ]
      ]
    },
    {
      "file_path": "images/16863899943.jpg",
      "sharpness": 461.19022951212895,
      "transform_matrix": [
        [
          -0.7493954044419976,
          0.47602856557720696,
          -0.46022096051848604,
          -0.5926834978254288
        ],
        [
          -0.6243671814720053,
          -0.7394079635752956,
          0.25187593390923585,
          0.5330946218808549
        ],
        [
          -0.22039090368940753,
          0.4761015313343841,
          0.8513255437007451,
          2.7756922652342952
        ],
        [
          0.0,
          0.0,
          0.0,
          1.0
        ]
      ]
    },
    {
      "file_path": "images/16861399742.jpg",
      "sharpness": 146.6313495637523,
      "transform_matrix": [
        [
          -0.7544171482208515,
          0.4175682886787988,
          -0.5064498896287901,
          -1.3139134158202501
        ],
        [
          -0.6022767667639968,
          -0.747141843083065,
          0.28114366880877584,
          0.7574449684967021
        ],
        [
          -0.26099322330910973,
          0.5171226069166752,
          0.8151482973838388,
          2.345164004920755
        ],
        [
          0.0,
          0.0,
          0.0,
          1.0
        ]
      ]
    },
    {
      "file_path": "images/16870367112.jpg",
      "sharpness": 521.1645143394501,
      "transform_matrix": [
        [
          -0.7219755757767469,
          0.6844285788751004,
          -0.10153220349072395,
          0.1436309002051283
        ],
        [
          -0.5480185629722223,
          -0.4760519248470473,
          0.6877864635683035,
          2.174488459295547
        ],
        [
          0.42240611092386376,
          0.5522065602985685,
          0.7187774287933285,
          3.405263158398584
        ],
        [
          0.0,
          0.0,
          0.0,
          1.0
        ]
      ]
    },
    {
      "file_path": "images/16862716512.jpg",
      "sharpness": 286.9620511736139,
      "transform_matrix": [
        [
          -0.7368338218708943,
          0.5024880935805888,
          -0.4523070137657751,
          -0.821136090186491
        ],
        [
          -0.6272849570337615,
          -0.7576650930031503,
          0.18015878969451235,
          0.30645983092226
        ],
        [
          -0.25216958887544144,
          0.41647247525037534,
          0.8734764883673546,
          2.5583686834630592
        ],
        [
          0.0,
          0.0,
          0.0,
          1.0
        ]
      ]
    },
    {
      "file_path": "images/16860699687.jpg",
      "sharpness": 145.5419198519069,
      "transform_matrix": [
        [
          -0.7816193367127594,
          0.30640265336196126,
          -0.5433126415189437,
          -1.7302385584858306
        ],
        [
          -0.5583711853559478,
          -0.7319328279915296,
          0.3905073042249366,
          1.0921040511326392
        ],
        [
          -0.27801588401876165,
          0.6085981837735867,
          0.7431792642869598,
          2.1216413715549596
        ],
        [
          0.0,
          0.0,
          0.0,
          1.0
        ]
      ]
    },
    {
      "file_path": "images/16907770006.jpg",
      "sharpness": 831.9929098539656,
      "transform_matrix": [
        [
          -0.4467530339918638,
          0.7531912087131092,
          -0.48281956223954603,
          0.21094170379503077
        ],
        [
          -0.5036040571145057,
          0.23433652264536242,
          0.8315463593767946,
          3.8050769342997235
        ],
        [
          0.7394556648003648,
          0.6146457493545565,
          0.2746195960239814,
          -0.687306111207758
        ],
        [
          0.0,
          0.0,
          0.0,
          1.0
        ]
      ]
    },
    {
      "file_path": "images/16854132496.jpg",
      "sharpness": 196.40847670110816,
      "transform_matrix": [
        [
          -0.5616729141833402,
          -0.5821028370909022,
          -0.5879454264371416,
          -3.511790104442461
        ],
        [
          -0.689859825855623,
          -0.06280444362946205,
          0.7212135762112044,
          2.761804638134411
        ],
        [
          -0.4567460542528895,
          0.8106860605936729,
          -0.3662938069485709,
          -1.1661092470939214
        ],
        [
          0.0,
          0.0,
          0.0,
          1.0
        ]
      ]
    },
    {
      "file_path": "images/16908753404.jpg",
      "sharpness": 625.0098429590711,
      "transform_matrix": [
        [
          -0.6484874944668804,
          0.6617901692479123,
          -0.376161855258776,
          0.9283009682885137
        ],
        [
          -0.29321710484255,
          0.2388602475249447,
          0.9257264777247042,
          3.3225622534894232
        ],
        [
          0.7024867962272594,
          0.7106191342525242,
          0.03915031399494373,
          -1.4046443351881932
        ],
        [
          0.0,
          0.0,
          0.0,
          1.0
        ]
      ]
    },
    {
      "file_path": "images/16854049157.jpg",
      "sharpness": 199.3943234035331,
      "transform_matrix": [
        [
          -0.5706110264512456,
          -0.5782206179433225,
          -0.5831500436614355,
          -3.4889338242310397
        ],
        [
          -0.6800254308207668,
          -0.06541418260261526,
          0.7302646082975496,
          2.80325934300899
        ],
        [
          -0.46040033651273987,
          0.813253897395699,
          -0.3558786709470106,
          -1.219192871738559
        ],
        [
          0.0,
          0.0,
          0.0,
          1.0
        ]
      ]
    },
    {
      "file_path": "images/16923287830.jpg",
      "sharpness": 345.65124269760486,
      "transform_matrix": [
        [
          -0.8399462117612043,
          0.49100171584039276,
          0.23110100894333782,
          3.535277759897549
        ],
        [
          0.4256081674914403,
          0.3318341615941799,
          0.8418692160568516,
          3.457466315716605
        ],
        [
          0.33667202005083896,
          0.8054833357471242,
          -0.4876971874779692,
          -2.67909160440812
        ],
        [
          0.0,
          0.0,
          0.0,
          1.0
        ]
      ]
    },
    {
      "file_path": "images/16858516179.jpg",
      "sharpness": 56.93961246761157,
      "transform_matrix": [
        [
          -0.7979664222945082,
          -0.09611090813227209,
          -0.594989312654714,
          -2.6509957896974305
        ],
        [
          -0.4076196258213621,
          -0.6411202102777331,
          0.6502392764199962,
          1.7183615483823238
        ],
        [
          -0.4439547606021915,
          0.7613984300322582,
          0.4724157080457974,
          1.5026589026059125
        ],
        [
          0.0,
          0.0,
          0.0,
          1.0
        ]
      ]
    },
    {
      "file_path": "images/16917654074.jpg",
      "sharpness": 900.9922474174382,
      "transform_matrix": [
        [
          -0.7101407150157159,
          0.29352676514082227,
          0.6399548444755839,
          3.714327197978427
        ],
        [
          0.6571530229842755,
          0.6025576154774896,
          0.45285121661890443,
          3.464910328580055
        ],
        [
          -0.2526857123962429,
          0.7421363473860477,
          -0.6207926969324362,
          -4.579010562528346
        ],
        [
          0.0,
          0.0,
          0.0,
          1.0
        ]
      ]
    },
    {
      "file_path": "images/16857082733.jpg",
      "sharpness": 126.05079531283991,
      "transform_matrix": [
        [
          -0.741399373766489,
          -0.2730345077694477,
          -0.6130082593983462,
          -2.8429731327448717
        ],
        [
          -0.4260213967126446,
          -0.5142944600510183,
          0.7443164500965641,
          2.1320210148834233
        ],
        [
          -0.5184908273509049,
          0.8129903848509593,
          0.26497904826271007,
          0.944837589177909
        ],
        [
          0.0,
          0.0,
          0.0,
          1.0
        ]
      ]
    },
    {
      "file_path": "images/16910486870.jpg",
      "sharpness": 267.5303454454584,
      "transform_matrix": [
        [
          -0.7852060906087849,
          0.5977928662201414,
          -0.1615397298252449,
          1.3452219134974506
        ],
        [
          -0.06962295684950458,
          0.1739890403837687,
          0.9822832878993611,
          3.2183215404026324
        ],
        [
          0.615308084689651,
          0.7825416940009046,
          -0.09499714727872634,
          -2.1021739353154865
        ],
        [
          0.0,
          0.0,
          0.0,
          1.0
        ]
      ]
    },
    {
      "file_path": "images/16856432683.jpg",
      "sharpness": 201.5884589316362,
      "transform_matrix": [
        [
          -0.6609385876814649,
          -0.4138459999069584,
          -0.6260125171428097,
          -3.1984883898474807
        ],
        [
          -0.501836866875653,
          -0.3764904701342349,
          0.7787263222230532,
          2.491198838601979
        ],
        [
          -0.55796052036328,
          0.828846435828375,
          0.04115389964372214,
          0.584285022263028
        ],
        [
          0.0,
          0.0,
          0.0,
          1.0
        ]
      ]
    },
    {
      "file_path": "images/16915153887.jpg",
      "sharpness": 612.0483710400284,
      "transform_matrix": [
        [
          -0.7971018703948265,
          0.19944709202163155,
          0.5699556698919845,
          2.767896900833032
        ],
        [
          0.5882532064356591,
          0.46958530432659773,
          0.6583675318992991,
          3.41504158307387
        ],
        [
          -0.13633331698012338,
          0.8600642414243006,
          -0.4916327157846477,
          -4.044598368326136
        ],
        [
          0.0,
          0.0,
          0.0,
          1.0
        ]
      ]
    },
    {
      "file_path": "images/16855565945.jpg",
      "sharpness": 168.64754458227102,
      "transform_matrix": [
        [
          -0.5670255950765327,
          -0.5891616592272437,
          -0.5756479078130498,
          -3.529800239633767
        ],
        [
          -0.5406741461205304,
          -0.2610119590063286,
          0.7997150898620242,
          2.5273721740300568
        ],
        [
          -0.6214124573683532,
          0.764696865743588,
          -0.17054401565199007,
          0.1567476924217037
        ],
        [
          0.0,
          0.0,
          0.0,
          1.0
        ]
      ]
    },
    {
      "file_path": "images/16914070471.jpg",
      "sharpness": 245.64397845952772,
      "transform_matrix": [
        [
          -0.853176672842405,
          0.25821634292215745,
          0.4532260860876248,
          2.778940648481829
        ],
        [
          0.5203062004195672,
          0.35960170543119396,
          0.7745760590390345,
          2.8775985164958464
        ],
        [
          0.03702732377710168,
          0.8966665676975897,
          -0.44115535086030444,
          -3.673192682901549
        ],
        [
          0.0,
          0.0,
          0.0,
          1.0
        ]
      ]
    },
    {
      "file_path": "images/16846715236.jpg",
      "sharpness": 229.35792265705655,
      "transform_matrix": [
        [
          -0.746584087603254,
          -0.6590986706726805,
          -0.09056015901023404,
          -0.6042049797583267
        ],
        [
          -0.05620571168358799,
          -0.07314796358707668,
          0.995736056079982,
          3.7305725692696328
        ],
        [
          -0.6629126021168943,
          0.748490693109485,
          0.017565995799828735,
          -0.6038165116837082
        ],
        [
          0.0,
          0.0,
          0.0,
          1.0
        ]
      ]
    },
    {
      "file_path": "images/16910553540.jpg",
      "sharpness": 377.8546009330294,
      "transform_matrix": [
        [
          -0.7927621434486488,
          0.5925552086847949,
          -0.1428513511313772,
          1.3618361941501043
        ],
        [
          -0.05252235443261286,
          0.1670824224108122,
          0.9845429733570303,
          3.2162402705829747
        ],
        [
          0.6072640168284116,
          0.788011287171125,
          -0.10133422463155452,
          -2.1502344177325075
        ],
        [
          0.0,
          0.0,
          0.0,
          1.0
        ]
      ]
    },
    {
      "file_path": "images/16846215194.jpg",
      "sharpness": 197.01328148968196,
      "transform_matrix": [
        [
          -0.7718305119499587,
          -0.6254277910382118,
          -0.1145326982348883,
          -0.8555525642641837
        ],
        [
          -0.0300741205485165,
          -0.14402012851260243,
          0.9891176622813683,
          3.605325872303553
        ],
        [
          -0.6351166885162,
          0.7668756618308378,
          0.09234993873890528,
          -0.1758246390134187
        ],
        [
          0.0,
          0.0,
          0.0,
          1.0
        ]
      ]
    },
    {
      "file_path": "images/16911770299.jpg",
      "sharpness": 323.5394029551082,
      "transform_matrix": [
        [
          -0.827770259610662,
          0.5568723639774866,
          0.06848041681429312,
          1.6772557984201084
        ],
        [
          0.1615957031418452,
          0.11974573527435968,
          0.9795651012516767,
          3.18378504790281
        ],
        [
          0.537292495740545,
          0.8219209992751974,
          -0.1891101395925299,
          -2.845328428170873
        ],
        [
          0.0,
          0.0,
          0.0,
          1.0
        ]
      ]
    },
    {
      "file_path": "images/16844165026.jpg",
      "sharpness": 272.6143170583512,
      "transform_matrix": [
        [
          -0.867094179685469,
          -0.45504134639992944,
          -0.20269449071684034,
          -2.000293329286213
        ],
        [
          -0.04077375208236469,
          -0.3407021415737484,
          0.9392867250465639,
          3.462803567124696
        ],
        [
          -0.4964727430931966,
          0.8227146672566507,
          0.2768671009196359,
          1.0795672022372056
        ],
        [
          0.0,
          0.0,
          0.0,
          1.0
        ]
      ]
    },
    {
      "file_path": "images/16913187072.jpg",
      "sharpness": 269.63671144716335,
      "transform_matrix": [
        [
          -0.8787782018542828,
          0.3879340831026539,
          0.2779496700086065,
          2.3798278107777358
        ],
        [
          0.3390855015865044,
          0.09773067167337912,
          0.9356653987449846,
          2.714126860627299
        ],
        [
          0.3358122906116795,
          0.9164910599170596,
          -0.2174264070705074,
          -3.181600178518189
        ],
        [
          0.0,
          0.0,
          0.0,
          1.0
        ]
      ]
    },
    {
      "file_path": "images/16849382117.jpg",
      "sharpness": 266.4474135340019,
      "transform_matrix": [
        [
          -0.7338989287965266,
          -0.5452567275148351,
          -0.40507710791398693,
          -1.2362199917486314
        ],
        [
          -0.4117749412818242,
          -0.11714989410504124,
          0.9037241282736892,
          3.0445173068188676
        ],
        [
          -0.540216401055209,
          0.830042771993529,
          -0.13854687516362452,
          -1.633463944142377
        ],
        [
          0.0,
          0.0,
          0.0,
          1.0
        ]
      ]
    },
    {
      "file_path": "images/16911903644.jpg",
      "sharpness": 384.24688242766325,
      "transform_matrix": [
        [
          -0.8317482192522554,
          0.5486591542811553,
          0.08466423175713648,
          1.6914816742882433
        ],
        [
          0.16694342827717368,
          0.1017470934328069,
          0.9807025138713328,
          3.1631344098169967
        ],
        [
          0.5294570723630384,
          0.829831706630681,
          -0.17622300394818072,
          -2.891568525304068
        ],
        [
          0.0,
          0.0,
          0.0,
          1.0
        ]
      ]
    },
    {
      "file_path": "images/16848415373.jpg",
      "sharpness": 221.46740441629012,
      "transform_matrix": [
        [
          -0.7677967310778283,
          -0.6139698109070338,
          -0.18310994234562544,
          -0.7396397943023801
        ],
        [
          -0.22291737038981707,
          -0.011944855550368009,
          0.9747641593661933,
          3.29102829033531
        ],
        [
          -0.6006629884161705,
          0.7892391219731087,
          -0.12769331470135992,
          -1.3720652501391137
        ],
        [
          0.0,
          0.0,
          0.0,
          1.0
        ]
      ]
    },
    {
      "file_path": "images/16922954472.jpg",
      "sharpness": 307.5316186613619,
      "transform_matrix": [
        [
          -0.833777372898985,
          0.5022876243157949,
          0.22917773636568373,
          3.668705077058697
        ],
        [
          0.43208121715076236,
          0.3352468963956757,
          0.8372068682369338,
          3.3935508613085315
        ],
        [
          0.34368752406801456,
          0.7970675384443183,
          -0.4965503246234584,
          -2.7060131479706144
        ],
        [
          0.0,
          0.0,
          0.0,
          1.0
        ]
      ]
    },
    {
      "file_path": "images/16850265519.jpg",
      "sharpness": 292.99239163178163,
      "transform_matrix": [
        [
          -0.6395855191504313,
          -0.4837952575663953,
          -0.5973880752025226,
          -1.7622111871957005
        ],
        [
          -0.6132516671333815,
          -0.14747098061101288,
          0.7759991640564223,
          2.9677630210123396
        ],
        [
          -0.46352212070142584,
          0.8626670612468766,
          -0.20236794456009793,
          -1.860958053825171
        ],
        [
          0.0,
          0.0,
          0.0,
          1.0
        ]
      ]
    },
    {
      "file_path": "images/16913970464.jpg",
      "sharpness": 170.6093834232291,
      "transform_matrix": [
        [
          -0.8599034679553171,
          0.25883524817213155,
          0.43996629421687106,
          2.7510823444693453
        ],
        [
          0.5069905208973591,
          0.33279453469220366,
          0.7951153434437899,
          2.8368977039758785
        ],
        [
          0.05938549908158623,
          0.9067811819340902,
          -0.41739819179578846,
          -3.6170663962029574
        ],
        [
          0.0,
          0.0,
          0.0,
          1.0
        ]
      ]
    },
    {
      "file_path": "images/16845565141.jpg",
      "sharpness": 209.4041748736814,
      "transform_matrix": [
        [
          -0.8137589731189029,
          -0.5598880897538053,
          -0.15595403350070872,
          -1.12801966960494
        ],
        [
          -0.04051496967486706,
          -0.21303129922554365,
          0.9762050003780114,
          3.4527457312980467
        ],
        [
          -0.5797886432458776,
          0.8007140515991032,
          0.15067228232226912,
          0.2899097374141181
        ],
        [
          0.0,
          0.0,
          0.0,
          1.0
        ]
      ]
    },
    {
      "file_path": "images/16919954248.jpg",
      "sharpness": 388.18134045435323,
      "transform_matrix": [
        [
          -0.8261429105535325,
          0.44046520396791544,
          0.35139478564782006,
          3.971084639531566
        ],
        [
          0.5401842103264274,
          0.441734669111357,
          0.7162900955615722,
          3.1357469031796983
        ],
        [
          0.16027760367612945,
          0.7815758991458968,
          -0.6028683136137354,
          -3.643147176957463
        ],
        [
          0.0,
          0.0,
          0.0,
          1.0
        ]
      ]
    },
    {
      "file_path": "images/16844865085.jpg",
      "sharpness": 220.4256558696055,
      "transform_matrix": [
        [
          -0.829264205754206,
          -0.5310169287805678,
          -0.17418926014004352,
          -1.5458391588273412
        ],
        [
          -0.034856507615932085,
          -0.2619361705250301,
          0.9644555284864174,
          3.408952146434762
        ],
        [
          -0.5577686804299683,
          0.805860077088227,
          0.1987048947865084,
          0.6505918563290786
        ],
        [
          0.0,
          0.0,
          0.0,
          1.0
        ]
      ]
    },
    {
      "file_path": "images/16910370192.jpg",
      "sharpness": 241.61046430799692,
      "transform_matrix": [
        [
          -0.7727064522088535,
          0.6009490181945536,
          -0.20441383561453333,
          1.3159342574233936
        ],
        [
          -0.10550824608520425,
          0.19595708161672157,
          0.9749199106351216,
          3.225692466406192
        ],
        [
          0.6259335017836025,
          0.7748942506058759,
          -0.08801222442492478,
          -2.019165433079378
        ],
        [
          0.0,
          0.0,
          0.0,
          1.0
        ]
      ]
    },
    {
      "file_path": "images/16843331628.jpg",
      "sharpness": 316.34734709951346,
      "transform_matrix": [
        [
          -0.8833257993355167,
          -0.41335517737833416,
          -0.22107245307281634,
          -2.2278496875383693
        ],
        [
          -0.04694024852182539,
          -0.39124205490521624,
          0.9190899126433522,
          3.176736563559925
        ],
        [
          -0.46640341469047625,
          0.8222330276354671,
          0.32619120612889824,
          1.6653961563430733
        ],
        [
          0.0,
          0.0,
          0.0,
          1.0
        ]
      ]
    },
    {
      "file_path": "images/16854982567.jpg",
      "sharpness": 213.53917731181525,
      "transform_matrix": [
        [
          -0.5379763937167173,
          -0.5808492930651219,
          -0.6108972896437994,
          -3.6785140277318633
        ],
        [
          -0.6360358197525583,
          -0.19590037896166457,
          0.7463789101353812,
          2.5041115898198787
        ],
        [
          -0.5532086728587262,
          0.7900867928240561,
          -0.26405117686583424,
          -0.6123920515198409
        ],
        [
          0.0,
          0.0,
          0.0,
          1.0
        ]
      ]
    },
    {
      "file_path": "images/16892352155.jpg",
      "sharpness": 1045.297129661878,
      "transform_matrix": [
        [
          -0.5766286687632395,
          -0.13718741009209506,
          0.8054061042836677,
          0.6946894393555663
        ],
        [
          0.5099895874290961,
          0.7097186006396738,
          0.48601453537983375,
          3.1280266386308346
        ],
        [
          -0.6382867686547281,
          0.690998641372161,
          -0.33927994121003063,
          -0.7354503603734267
        ],
        [
          0.0,
          0.0,
          0.0,
          1.0
        ]
      ]
    },
    {
      "file_path": "images/16858832871.jpg",
      "sharpness": 76.16418530619801,
      "transform_matrix": [
        [
          -0.8009408350753713,
          -0.010211010855274257,
          -0.5986564239285476,
          -2.6394638202720007
        ],
        [
          -0.42604518957225207,
          -0.6927981494240804,
          0.581821467958536,
          1.5545785423952605
        ],
        [
          -0.42068904796369166,
          0.7210592620327727,
          0.5505399762828351,
          1.8344720649474635
        ],
        [
          0.0,
          0.0,
          0.0,
          1.0
        ]
      ]
    },
    {
      "file_path": "images/16855465936.jpg",
      "sharpness": 146.77725360049564,
      "transform_matrix": [
        [
          -0.5731026721088835,
          -0.588050164692437,
          -0.5707454169519818,
          -3.5599171040867605
        ],
        [
          -0.5400558752540675,
          -0.25281036341956925,
          0.8027618399822829,
          2.5073964745765536
        ],
        [
          -0.6163545884900695,
          0.7682993712601406,
          -0.17269365157369965,
          0.029427869483119404
        ],
        [
          0.0,
          0.0,
          0.0,
          1.0
        ]
      ]
    },
    {
      "file_path": "images/16894318974.jpg",
      "sharpness": 1053.1092302457157,
      "transform_matrix": [
        [
          -0.8059245767480444,
          -0.16064131155092007,
          0.5698069370949448,
          0.2839327452860417
        ],
        [
          0.31119355001325033,
          0.7038344242350502,
          0.6385731576510072,
          3.906467286270005
        ],
        [
          -0.5036309670616281,
          0.691962045379303,
          -0.517246920432021,
          0.014584825681478472
        ],
        [
          0.0,
          0.0,
          0.0,
          1.0
        ]
      ]
    },
    {
      "file_path": "images/16852415694.jpg",
      "sharpness": 379.0052842034233,
      "transform_matrix": [
        [
          -0.5160649185866909,
          -0.5187327147281106,
          -0.6816108643645236,
          -2.931752931298825
        ],
        [
          -0.7280788767861229,
          -0.15351959833722664,
          0.668081493595464,
          2.9359589708238896
        ],
        [
          -0.45119635295191746,
          0.8410398941333591,
          -0.29845225327409675,
          -2.012270788294018
        ],
        [
          0.0,
          0.0,
          0.0,
          1.0
        ]
      ]
    },
    {
      "file_path": "images/16903753022.jpg",
      "sharpness": 663.787535252423,
      "transform_matrix": [
        [
          -0.6088637619004018,
          0.5957815584712076,
          -0.523764502400598,
          -1.8328764852509116
        ],
        [
          -0.5695628234939012,
          0.1312508266363447,
          0.8114008938751813,
          4.216166682125648
        ],
        [
          0.5521622130007389,
          0.7923493894873546,
          0.2594211545701155,
          1.377215010514156
        ],
        [
          0.0,
          0.0,
          0.0,
          1.0
        ]
      ]
    },
    {
      "file_path": "images/16840731417.jpg",
      "sharpness": 458.3149949377776,
      "transform_matrix": [
        [
          -0.8786149921359314,
          -0.416416971081713,
          -0.23373617977100908,
          -2.434218668386787
        ],
        [
          -0.04508852259290867,
          -0.4149395710233905,
          0.908731080963904,
          2.8206466030677575
        ],
        [
          -0.4753974344296284,
          0.8089635705771623,
          0.34579650192291483,
          2.2438992372605226
        ],
        [
          0.0,
          0.0,
          0.0,
          1.0
        ]
      ]
    },
    {
      "file_path": "images/16904736433.jpg",
      "sharpness": 798.2073470676356,
      "transform_matrix": [
        [
          -0.4690961163416906,
          0.6875110753544456,
          -0.5543260365912406,
          -1.613233872395878
        ],
        [
          -0.6514991031691069,
          0.15436286885078648,
          0.7427792560852222,
          4.470008956778477
        ],
        [
          0.5962363223890362,
          0.7095777800312267,
          0.3755018267269839,
          0.7757342262571586
        ],
        [
          0.0,
          0.0,
          0.0,
          1.0
        ]
      ]
    },
    {
      "file_path": "images/16853949150.jpg",
      "sharpness": 203.06670364597184,
