{
  "camera_angle_x": 1.7953438571091092,
  "camera_angle_y": 1.508901237933044,
  "fl_x": 1607.4622159814687,
  "fl_y": 1608.6059342312492,
  "k1": -0.002818078086235237,
  "k2": 0.0005686077991124155,
  "p1": 0.00044085397103749054,
  "p2": 0.000417292839399912,
  "cx": 2014.4965997584804,
  "cy": 1511.4522011474628,
  "w": 4032.0,
  "h": 3024.0,
  "aabb_scale": 8,
  "frames": [
    {
      "file_path": "images/5F7C2921-43B2-4374-845D-114DFAC8B394.JPG",
      "sharpness": 143.25958006240563,
      "transform_matrix": [
        [
          0.4733180671347803,
          0.34212203213260756,
          -0.8117404280425473,
          -3.006032270288287
        ],
        [
          -0.88070865805341,
          0.16501048951688588,
          -0.44398625877291,
          -1.2695556169534215
        ],
        [
          -0.017951795698394613,
          0.9250535409058491,
          0.3794122817651111,
          0.42986231767576194
        ],
        [
          0.0,
          0.0,
          0.0,
          1.0
        ]
      ]
    },
    {
      "file_path": "images/4C2CDD12-7ED2-42DC-8267-C32C1CC589CD.JPG",
      "sharpness": 150.38638170338214,
      "transform_matrix": [
        [
          0.8485828964020419,
          0.26293371353645284,
          -0.45910013100117897,
          -1.6890552426498053
        ],
        [
          -0.5275069623462014,
          0.3539964072056639,
          -0.7722842406535119,
          -3.39738949700556
        ],
        [
          -0.040539766378640485,
          0.8975257132965841,
          0.43909466106851947,
          1.721278225070521
        ],
        [
          0.0,
          0.0,
          0.0,
          1.0
        ]
      ]
    },
    {
      "file_path": "images/50CEE0C1-CF07-4CE7-97A1-4B613ADF91D1.JPG",
      "sharpness": 130.1554344297847,
      "transform_matrix": [
        [
          0.42364535119654056,
          0.6551133318625998,
          -0.6255806413971666,
          -1.9055828631022402
        ],
        [
          -0.9057567533755314,
          0.3150349014735364,
          -0.2834743631586144,
          -0.8533585682173683
        ],
        [
          0.011371901179839605,
          0.6867164868620276,
          0.7268363960348196,
          3.469469114591032
        ],
        [
          0.0,
          0.0,
          0.0,
          1.0
        ]
      ]
    },
    {
      "file_path": "images/41519019-37A5-41F0-9B20-70C80FF5D304.JPG",
      "sharpness": 192.09764475888775,
      "transform_matrix": [
        [
          0.8078057942715258,
          -0.20669045424352775,
          0.5520225130657277,
          2.2508226657196917
        ],
        [
          0.5894069405865855,
          0.2943880090429067,
          -0.7522866199262893,
          -3.496808911123083
        ],
        [
          -0.007018345374388668,
          0.9330673910903867,
          0.3596331277530477,
          2.3790749393730506
        ],
        [
          0.0,
          0.0,
          0.0,
          1.0
        ]
      ]
    },
    {
      "file_path": "images/7EB26D51-2E9B-4879-9F44-B6DB7FB1AFF0.JPG",
      "sharpness": 159.2381545354615,
      "transform_matrix": [
        [
          0.017973111670873395,
          -0.3564517875095924,
          0.934140830123344,
          4.1561509865148905
        ],
        [
          0.9997759535020291,
          0.016854989204668484,
          -0.012804379642381439,
          -1.287258114495027
        ],
        [
          -0.011180789595890727,
          0.9341616736869319,
          0.3566748623380921,
          0.4262888010233568
        ],
        [
          0.0,
          0.0,
          0.0,
          1.0
        ]
      ]
    },
    {
      "file_path": "images/444101FD-E333-4A0E-80F1-3E7686733A89.JPG",
      "sharpness": 144.28516682528442,
      "transform_matrix": [
        [
          0.6243658588236951,
          0.7707150439333416,
          -0.12714399496486,
          0.09337638917435259
        ],
        [
          -0.7259776478377996,
          0.5124647939292396,
          -0.45862434499594984,
          -0.5933951712472365
        ],
        [
          -0.28831186102344625,
          0.37865308144214127,
          0.879487415926472,
          3.7050489898249803
        ],
        [
          0.0,
          0.0,
          0.0,
          1.0
        ]
      ]
    },
    {
      "file_path": "images/9AAF0469-EFBB-4D7E-A450-C618532179CB.JPG",
      "sharpness": 172.86397551400898,
      "transform_matrix": [
        [
          -0.24535610939147823,
          0.3893447384693551,
          -0.8878125107678724,
          -4.160924709460079
        ],
        [
          -0.9693779724474602,
          -0.10829394335617859,
          0.22040591726636066,
          1.3184075420984243
        ],
        [
          -0.010330833536833159,
          0.914703829948984,
          0.4039927937730435,
          0.5651245396693596
        ],
        [
          0.0,
          0.0,
          0.0,
          1.0
        ]
      ]
    },
    {
      "file_path": "images/947DAB30-46BA-4C55-97D7-E7D7AB6E0FDE.JPG",
      "sharpness": 211.34348417059297,
      "transform_matrix": [
        [
          0.5822984546980224,
          -0.2006843601146231,
          0.7878161570614854,
          1.549784844582652
        ],
        [
          0.8116871090507372,
          0.19804023343537572,
          -0.5494944066519016,
          -1.3697993156391075
        ],
        [
          -0.04574436226311582,
          0.9594299628473077,
          0.27821142999059034,
          2.185312575236209
        ],
        [
          0.0,
          0.0,
          0.0,
          1.0
        ]
      ]
    },
    {
      "file_path": "images/9A89D544-4AFE-44EE-9A11-09EB090FAD96.JPG",
      "sharpness": 274.344297406264,
      "transform_matrix": [
        [
          -0.04418275468890524,
          -0.605760960840815,
          0.7944189968617068,
          2.9480223222233652
        ],
        [
          0.9951904632471874,
          -0.0962786520071805,
          -0.018065520461238056,
          -1.1938182866176805
        ],
        [
          0.08742897717943063,
          0.7898000250403016,
          0.6071013872996438,
          3.5258882318226163
        ],
        [
          0.0,
          0.0,
          0.0,
          1.0
        ]
      ]
    },
    {
      "file_path": "images/B80590BA-AD6D-4568-B15C-9704BB84225B.JPG",
      "sharpness": 146.66198953463527,
      "transform_matrix": [
        [
          0.9933367047924294,
          0.059304332007100446,
          -0.09881896165593303,
          0.00984606619431758
        ],
        [
          -0.11060247651410278,
          0.24954414200958236,
          -0.9620264099169289,
          -4.647905578915818
        ],
        [
          -0.032392640612604884,
          0.966545765835872,
          0.25444056171205276,
          0.1979234166596107
        ],
        [
          0.0,
          0.0,
          0.0,
          1.0
        ]
      ]
    },
    {
      "file_path": "images/63E9820A-8E44-46E0-9D50-00E4685EE20E.JPG",
      "sharpness": 201.89435138655296,
      "transform_matrix": [
        [
          0.7587744075481385,
          -0.15067890537569745,
          0.633685462978441,
          2.3131141748372706
        ],
        [
          0.6503077391761333,
          0.23035413681892652,
          -0.7239038720838837,
          -3.647009671219162
        ],
        [
          -0.03689502479627216,
          0.9613702924405437,
          0.2727744819874481,
          0.6285465841031808
        ],
        [
          0.0,
          0.0,
          0.0,
          1.0
        ]
      ]
    },
    {
      "file_path": "images/0A4D755B-8F78-4BD0-AEFA-81AA81438DD0.JPG",
      "sharpness": 163.46287798753616,
      "transform_matrix": [
        [
          -0.26145081748210763,
          0.5133136614133913,
          -0.8174059916037829,
          -3.6022037985538162
        ],
        [
          -0.9651616734836399,
          -0.1299838691788848,
          0.22708398840859037,
          1.0432626075165372
        ],
        [
          0.01031572005970692,
          0.8483002291783847,
          0.5294150613280703,
          2.2646695709778575
        ],
        [
          0.0,
          0.0,
          0.0,
          1.0
        ]
      ]
    },
    {
      "file_path": "images/C88E859A-7E9E-4ED0-ABF6-B3CCF785BCFC.JPG",
      "sharpness": 199.14687402019047,
      "transform_matrix": [
        [
          -0.9764520634387386,
          -0.17790263375943344,
          0.1220328675936703,
          -0.656136343661635
        ],
        [
          0.19770676611140123,
          -0.5115629346274777,
          0.8361910060202163,
          3.6195932001241937
        ],
        [
          -0.08633309042972226,
          0.8406271568686005,
          0.5346892374990556,
          0.4477012069571895
        ],
        [
          0.0,
          0.0,
          0.0,
          1.0
        ]
      ]
    },
    {
      "file_path": "images/D1899A64-112C-4B18-B4F7-69B5D884D7AB.JPG",
      "sharpness": 188.07415337711856,
      "transform_matrix": [
        [
          -0.41424107833325086,
          -0.730892291999319,
          0.542402789984284,
          1.290783726699418
        ],
        [
          0.9044638109874288,
          -0.3971739777480749,
          0.155557211384993,
          0.36177514723915577
        ],
        [
          0.10173270687351157,
          0.5550218815060324,
          0.8255914046713099,
          3.0761249071150063
        ],
        [
          0.0,
          0.0,
          0.0,
          1.0
        ]
      ]
    },
    {
      "file_path": "images/7EDC136A-5D50-4F2E-BC49-688DCD07EB81.JPG",
      "sharpness": 208.20809580627864,
      "transform_matrix": [
        [
          -0.9971570048519347,
          -0.005374679610869237,
          -0.0751599664665129,
          -0.8009840622372623
        ],
        [
          -0.05719018705561364,
          -0.5954795210425086,
          0.8013322797214242,
          3.4596202040659305
        ],
        [
          -0.04906312509840033,
          0.8033525084795017,
          0.5934791967211029,
          1.9675509195856282
        ],
        [
          0.0,
          0.0,
          0.0,
          1.0
        ]
      ]
    },
    {
      "file_path": "images/0A5786D2-7009-4BD8-B373-A6C75C92B942.JPG",
      "sharpness": 205.40196014194257,
      "transform_matrix": [
        [
          0.3034575803419472,
          -0.3538165291347021,
          0.8847188031852444,
          1.2905623871079779
        ],
        [
          0.9499823455165873,
          0.040424723442283955,
          -0.30967625827858447,
          -0.3053355004750319
        ],
        [
          0.07380406591659834,
          0.9344408517991137,
          0.3483866449917101,
          0.7453918090207577
        ],
        [
          0.0,
          0.0,
          0.0,
          1.0
        ]
      ]
    },
    {
      "file_path": "images/77E1AB02-9326-49D1-9119-6D5989943750.JPG",
      "sharpness": 220.48190421072144,
      "transform_matrix": [
        [
          -0.9843890005168797,
          -0.03515211828917514,
          -0.17246050071425167,
          -0.588504339572191
        ],
        [
          -0.10186508678847782,
          -0.6852844910678094,
          0.7211162669053556,
          3.294390547794235
        ],
        [
          -0.1435332707757711,
          0.7274266251082677,
          0.671005741651634,
          3.609157995241062
        ],
        [
          0.0,
          0.0,
          0.0,
          1.0
        ]
      ]
    },
    {
      "file_path": "images/D93A9AB1-2F7A-43FB-B2C9-010330C99482.JPG",
      "sharpness": 200.15205333086038,
      "transform_matrix": [
        [
          -0.7397177809715892,
          0.31414120237698573,
          -0.5950906733843657,
          -2.691378173509609
        ],
        [
          -0.6729130744936525,
          -0.3422142900167082,
          0.6558028468098221,
          3.123118199999937
        ],
        [
          0.002366162531292293,
          0.885553321226584,
          0.4645317175445576,
          1.8731512742458154
        ],
        [
          0.0,
          0.0,
          0.0,
          1.0
        ]
      ]
    },
    {
      "file_path": "images/FD03FE20-52A1-4B6A-84C4-B5FF1FA25333.JPG",
      "sharpness": 133.39968971691198,
      "transform_matrix": [
        [
          0.8368992748538908,
          0.3224070791088513,
          -0.44232711781551287,
          -1.362299382651233
        ],
        [
          -0.5469533489444645,
          0.4615646917026948,
          -0.698426853329565,
          -3.1145225142962154
        ],
        [
          -0.02101518198691238,
          0.8264452255081453,
          0.5626247874261342,
          3.520586386223118
        ],
        [
          0.0,
          0.0,
          0.0,
          1.0
        ]
      ]
    },
    {
      "file_path": "images/3718C6A4-73AE-43EA-9866-9CF8F7097054.JPG",
      "sharpness": 213.54882014100258,
      "transform_matrix": [
        [
          -0.18361734688695802,
          -0.5019560595792506,
          0.845177368508714,
          2.688262746109941
        ],
        [
          0.9820147107756043,
          -0.13211159086672788,
          0.13488378471475124,
          -0.6164944143078989
        ],
        [
          0.04395199364168846,
          0.8547436117775653,
          0.5171862144777436,
          0.5606266172505289
        ],
        [
          0.0,
          0.0,
          0.0,
          1.0
        ]
      ]
    },
    {
      "file_path": "images/D9B9320D-58E3-4708-B383-69EF972F29AD.JPG",
      "sharpness": 210.07069403703238,
      "transform_matrix": [
        [
          -0.10943771711801249,
          -0.36596916066196894,
          0.9241698759328936,
          0.9775733728147943
        ],
        [
          0.9821493451119883,
          -0.1829156876710979,
          0.04386929563952873,
          1.163006456117004
        ],
        [
          0.15299035907714842,
          0.912473793986084,
          0.3794542467591332,
          0.36242077260844496
        ],
        [
          0.0,
          0.0,
          0.0,
          1.0
        ]
      ]
    },
    {
      "file_path": "images/42B0D8AA-52A8-40C7-BAA7-CFF6CF5DFA74.JPG",
      "sharpness": 225.18976748322774,
      "transform_matrix": [
        [
          0.7838762360606161,
          -0.3719802642061889,
          0.49716066783886176,
          2.1632669072516277
        ],
        [
          0.6196225781185337,
          0.4169509859812624,
          -0.6649960420746887,
          -3.3361955568375756
        ],
        [
          0.0400737727804964,
          0.8293265692021617,
          0.5573253398294068,
          3.83827996449628
        ],
        [
          0.0,
          0.0,
          0.0,
          1.0
        ]
      ]
    },
    {
      "file_path": "images/A20FFE97-4CCA-4AAC-8D98-581E182148DA.JPG",
      "sharpness": 184.6986297067801,
      "transform_matrix": [
        [
          0.37501997825762245,
          -0.37671642854299187,
          0.8470211027116817,
          2.6574047323783545
        ],
        [
          0.9268057502963463,
          0.17185678439077323,
          -0.33391068697556936,
          -1.6107332671461474
        ],
        [
          -0.019776681573383054,
          0.9102472071851044,
          0.4135926797504002,
          0.23635524954786527
        ],
        [
          0.0,
          0.0,
          0.0,
          1.0
        ]
      ]
    },
    {
      "file_path": "images/DFC9BA97-86E2-4660-9047-057A77F174D7.JPG",
      "sharpness": 248.06324855843204,
      "transform_matrix": [
        [
          -0.2939246089068685,
          -0.283530214903043,
          0.9128082720820547,
          1.1829211918143945
        ],
        [
          0.9496079513702921,
          -0.19539671489683907,
          0.24508133854262928,
          2.121917490106432
        ],
        [
          0.10887177310977643,
          0.9388454298272104,
          0.3266744495333977,
          1.9217697143388253
        ],
        [
          0.0,
          0.0,
          0.0,
          1.0
        ]
      ]
    },
    {
      "file_path": "images/218D351C-A23C-46C8-A0D4-29AB333A0B14.JPG",
      "sharpness": 268.2263764510105,
      "transform_matrix": [
        [
          0.5298040541422225,
          -0.37092632996728087,
          0.7627065766183722,
          2.7415752722746065
        ],
        [
          0.8463159833841647,
          0.28984282264504985,
          -0.44692325340001177,
          -2.245767395569514
        ],
        [
          -0.05528942485630842,
          0.8822725179661055,
          0.467480784210711,
          1.4952880514791487
        ],
        [
          0.0,
          0.0,
          0.0,
          1.0
        ]
      ]
    },
    {
      "file_path": "images/278EF9CB-3D51-442E-8F2F-EA9A80B8E051.JPG",
      "sharpness": 243.2610627053143,
      "transform_matrix": [
        [
          -0.5842898291732755,
          -0.2913213119482303,
          0.7574544796850001,
          2.6134733592792934
        ],
        [
          0.8040265769073252,
          -0.33455349416927355,
          0.49154371439967137,
          -0.19407038275934815
        ],
        [
          0.11021188309396726,
          0.896217525382031,
          0.4297062811833739,
          0.15826343835677484
        ],
        [
          0.0,
          0.0,
          0.0,
          1.0
        ]
      ]
    },
    {
      "file_path": "images/EF1722C1-12E3-4C42-80C0-895642962FEE.JPG",
      "sharpness": 263.98645745909437,
      "transform_matrix": [
        [
          -0.28715284330063884,
          -0.527512849513778,
          0.7995457699517026,
          1.157450754372347
        ],
        [
          0.9331913277909968,
          -0.34236528486229445,
          0.10927011236766807,
          1.7146686889129543
        ],
        [
          0.216095326948198,
          0.7775064021450605,
          0.5905815814602158,
          2.8663844812010657
        ],
        [
          0.0,
          0.0,
          0.0,
          1.0
        ]
      ]
    },
    {
      "file_path": "images/BA547567-F84A-4610-988B-E88671AD362F.JPG",
      "sharpness": 152.1366809336348,
      "transform_matrix": [
        [
          0.9875401975201099,
          0.0809829198499889,
          -0.13493007463112447,
          0.35628034266444925
        ],
        [
          -0.15715134040830117,
          0.5523723762821038,
          -0.8186502391915262,
          -3.904967623294455
        ],
        [
          0.008234959250294105,
          0.8296544610007581,
          0.5582164999828846,
          3.61303838379146
        ],
        [
          0.0,
          0.0,
          0.0,
          1.0
        ]
      ]
    },
    {
      "file_path": "images/AA3A94A2-5B15-4F62-BCE3-09A22AF5EECE.JPG",
      "sharpness": 146.61886069926297,
      "transform_matrix": [
        [
          0.43973947555222953,
          0.5039683980479004,
          -0.7434010004536786,
          -2.617958407191962
        ],
        [
          -0.8981083780620588,
          0.25184065291188223,
          -0.3605241001592827,
          -1.1148086207920092
        ],
        [
          0.005525840114666475,
          0.8261913454951485,
          0.5633625171995363,
          1.6328220488122078
        ],
        [
          0.0,
          0.0,
          0.0,
          1.0
        ]
      ]
    },
    {
      "file_path": "images/864D2651-F46A-4FF3-B6D5-632B2D319D81.JPG",
      "sharpness": 161.1325817893143,
      "transform_matrix": [
        [
          0.9904041740515526,
          0.050808350520559875,
          -0.12852269684413575,
          0.14161597420630728
        ],
        [
          -0.13819799410209388,
          0.35776841992531966,
          -0.9235275156324821,
          -4.478411125165906
        ],
        [
          -0.0009415475551697861,
          0.9324270852343222,
          0.36135694856344275,
          1.9890098137232026
        ],
        [
          0.0,
          0.0,
          0.0,
          1.0
        ]
      ]
    },
    {
      "file_path": "images/854A0640-34AC-4C1F-B2B6-A97968075525.JPG",
      "sharpness": 147.03284873444073,
      "transform_matrix": [
        [
          -0.28668474156081114,
          0.6184102313881309,
          -0.7316970990349332,
          -3.032512954007385
        ],
        [
          -0.9580180256023304,
          -0.1821454368755983,
          0.2214147746795956,
          0.8477518240970311
        ],
        [
          0.003649874278033788,
          0.764455247613165,
          0.6446664663838997,
          3.5870281459423943
        ],
        [
          0.0,
          0.0,
          0.0,
          1.0
        ]
      ]
    },
    {
      "file_path": "images/83084E6C-30A3-4FF9-A1E3-B8BE940F7E87.JPG",
      "sharpness": 151.67217205024994,
      "transform_matrix": [
        [
          -0.28507300469497043,
          0.6143623448439992,
          -0.7357256902524283,
          -3.0436396044993277
        ],
        [
          -0.958498622235008,
          -0.1797466031098874,
          0.22129516452930934,
          0.8701833226681939
        ],
        [
          0.003711222539313913,
          0.7682773379266911,
          0.6401063653182923,
          3.5972116987141884
        ],
        [
          0.0,
          0.0,
          0.0,
          1.0
        ]
      ]
    },
    {
      "file_path": "images/1DB1F40F-11A9-40D7-A2C9-3472835008DD.JPG",
      "sharpness": 190.9882129130941,
      "transform_matrix": [
        [
          -0.7557515740096109,
          0.39518917924191277,
          -0.5221734109063252,
          -2.1561131661655026
        ],
        [
          -0.6548430705741364,
          -0.4506041439192272,
          0.6067424976082216,
          2.6968389323483084
        ],
        [
          0.00448456684215387,
          0.800488237356005,
          0.5993316866146565,
          3.6082796552671637
        ],
        [
          0.0,
          0.0,
          0.0,
          1.0
        ]
      ]
    },
    {
      "file_path": "images/96DDE351-5D51-4653-BF02-7AB71D8B69AA.JPG",
      "sharpness": 204.97846295715783,
      "transform_matrix": [
        [
          -0.7473761454781451,
          0.30288651439852815,
          -0.5913447865933954,
          -2.8716973010425075
        ],
        [
          -0.6629165623238275,
          -0.2804853844909079,
          0.694168265252563,
          3.3159659244760253
        ],
        [
          0.04439063643407937,
          0.9108170554743227,
          0.41041657242308927,
          0.5881287203387691
        ],
        [
          0.0,
          0.0,
          0.0,
          1.0
        ]
      ]
    },
    {
      "file_path": "images/4CD00271-5A83-4990-B66D-B7D751ACEA21.JPG",
      "sharpness": 136.2886346958358,
      "transform_matrix": [
        [
          0.8731700345701323,
          0.17616089135683355,
          -0.454468294989439,
          -1.831061296881966
        ],
        [
          -0.4870535004822003,
          0.27940493095317365,
          -0.8274731247763247,
          -3.5608879343026616
        ],
        [
          -0.018787720652491013,
          0.943875110899582,
          0.3297677920028583,
          0.2561878554524178
        ],
        [
          0.0,
          0.0,
          0.0,
          1.0
        ]
      ]
    },
    {
      "file_path": "images/40244961-8093-4A05-B752-899E243EBB64.JPG",
      "sharpness": 259.9166247984143,
      "transform_matrix": [
        [
          0.004035522973841571,
          -0.45884662607676385,
          0.888506324320624,
          3.753646509384116
        ],
        [
          0.9998853106055833,
          -0.011118470946567708,
          -0.010283250409915293,
          -1.1874453141790782
        ],
        [
          0.014597266508492654,
          0.8884459203616274,
          0.4587491323901502,
          1.9617128844057186
        ],
        [
          0.0,
          0.0,
          0.0,
          1.0
        ]
      ]
    }
  ]
}