{
  "camera_angle_x": 1.7730935371633034,
  "camera_angle_y": 1.2076818035129337,
  "fl_x": 261.0285246696713,
  "fl_y": 347.9318272512522,
  "k1": 0.004412030089283144,
  "k2": -0.001573385941109708,
  "p1": -0.00015830573309408012,
  "p2": -0.0008694136505341487,
  "cx": 323.53116841939374,
  "cy": 242.20480710668852,
  "w": 640.0,
  "h": 480.0,
  "aabb_scale": 16,
  "black_transparent": true,
  "frames": [
    {
      "file_path": "./../latent-control-idea/instr/data/images/71.png",
      "sharpness": 210.37371531151663,
      "transform_matrix": [
        [
          0.6319005380603511,
          0.18969990954806515,
          0.7514756511604751,
          3.0318833106157674
        ],
        [
          0.7749093985928176,
          -0.1730690539141369,
          -0.6079165457101108,
          -1.9804193241838177
        ],
        [
          0.014735466251873124,
          0.9664683372279188,
          -0.25636267111094213,
          -1.3706749804216989
        ],
        [
          0.0,
          0.0,
          0.0,
          1.0
        ]
      ]
    },
    {
      "file_path": "./../latent-control-idea/instr/data/images/6.png",
      "sharpness": 519.6759213909467,
      "transform_matrix": [
        [
          0.5441735178464905,
          0.4355689313112819,
          0.7170459458929311,
          4.131255004752053
        ],
        [
          0.7859972145650664,
          -0.5635691421238814,
          -0.25416176097131393,
          -1.3228965290025805
        ],
        [
          0.29340000198381755,
          0.701904215756836,
          -0.6490353693810317,
          -2.950266668826809
        ],
        [
          0.0,
          0.0,
          0.0,
          1.0
        ]
      ]
    },
    {
      "file_path": "./../latent-control-idea/instr/data/images/63.png",
      "sharpness": 229.16371194075484,
      "transform_matrix": [
        [
          0.3579464724525012,
          0.1522249911497924,
          0.9212501695515837,
          4.683612608561194
        ],
        [
          0.9196775941511534,
          -0.22807350336496585,
          -0.3196491825071782,
          -0.17034547216802823
        ],
        [
          0.16145415966700488,
          0.9616704368453126,
          -0.22163601961969498,
          -0.4081633693933355
        ],
        [
          0.0,
          0.0,
          0.0,
          1.0
        ]
      ]
    },
    {
      "file_path": "./../latent-control-idea/instr/data/images/62.png",
      "sharpness": 288.5373412220849,
      "transform_matrix": [
        [
          0.33160859947079463,
          0.15471344854690466,
          0.9306446612785718,
          4.781261026265048
        ],
        [
          0.924171159195011,
          -0.25150958840894877,
          -0.2874901658297907,
          -0.04755064402505688
        ],
        [
          0.1895874607343107,
          0.9554091666649095,
          -0.22638444945241823,
          -0.15441666906953394
        ],
        [
          0.0,
          0.0,
          0.0,
          1.0
        ]
      ]
    },
    {
      "file_path": "./../latent-control-idea/instr/data/images/64.png",
      "sharpness": 229.16371194075484,
      "transform_matrix": [
        [
          0.3579464724525012,
          0.1522249911497924,
          0.9212501695515837,
          4.683612608561194
        ],
        [
          0.9196775941511534,
          -0.22807350336496585,
          -0.3196491825071782,
          -0.17034547216802823
        ],
        [
          0.16145415966700488,
          0.9616704368453126,
          -0.22163601961969498,
          -0.4081633693933355
        ],
        [
          0.0,
          0.0,
          0.0,
          1.0
        ]
      ]
    },
    {
      "file_path": "./../latent-control-idea/instr/data/images/70.png",
      "sharpness": 239.85284005733067,
      "transform_matrix": [
        [
          0.5807947623523003,
          0.09055695169048157,
          0.8089974551846428,
          3.3440988587283984
        ],
        [
          0.7968160076640781,
          -0.2666491976124077,
          -0.5422014896155015,
          -1.6178957060087793
        ],
        [
          0.16661840819384655,
          0.9595299077589245,
          -0.2270256860709683,
          -1.4069592867128913
        ],
        [
          0.0,
          0.0,
          0.0,
          1.0
        ]
      ]
    },
    {
      "file_path": "./../latent-control-idea/instr/data/images/67.png",
      "sharpness": 210.47398761086995,
      "transform_matrix": [
        [
          0.4240380134373553,
          0.0139259551355406,
          0.9055373161301689,
          3.9067574256899764
        ],
        [
          0.8709798540530789,
          -0.2802587306686937,
          -0.40354570709645815,
          -1.2146021626626298
        ],
        [
          0.24816497937961152,
          0.9598234794110262,
          -0.13096958177273066,
          -0.8322238473050186
        ],
        [
          0.0,
          0.0,
          0.0,
          1.0
        ]
      ]
    },
    {
      "file_path": "./../latent-control-idea/instr/data/images/69.png",
      "sharpness": 206.1974607535362,
      "transform_matrix": [
        [
          0.48798084087414817,
          0.008267143530108996,
          0.8728151884838949,
          3.7026463694120246
        ],
        [
          0.8342146009676252,
          -0.2986434713238424,
          -0.46357100488102254,
          -1.3364622353462978
        ],
        [
          0.25682814967925577,
          0.9543289429462903,
          -0.1526288640992952,
          -1.1309387445529955
        ],
        [
          0.0,
          0.0,
          0.0,
          1.0
        ]
      ]
    },
    {
      "file_path": "./../latent-control-idea/instr/data/images/60.png",
      "sharpness": 290.9133107592159,
      "transform_matrix": [
        [
          0.29068866281678035,
          0.10799251878226895,
          0.9507038009640115,
          4.81878195687675
        ],
        [
          0.9376977107943657,
          -0.22979554439086092,
          -0.2606089233841467,
          0.04469691593658427
        ],
        [
          0.1903236834435963,
          0.9672288372641142,
          -0.16806329716528468,
          0.05437275643266994
        ],
        [
          0.0,
          0.0,
          0.0,
          1.0
        ]
      ]
    },
    {
      "file_path": "./../latent-control-idea/instr/data/images/68.png",
      "sharpness": 215.82184327951,
      "transform_matrix": [
        [
          0.43787826107828526,
          0.005189412450983026,
          0.8990192981488417,
          3.766985979669764
        ],
        [
          0.8631656014886103,
          -0.2820682717914468,
          -0.4187870991968615,
          -1.3462088480419965
        ],
        [
          0.2514115607491199,
          0.9593802999948544,
          -0.1279908866770212,
          -0.9556796641723712
        ],
        [
          0.0,
          0.0,
          0.0,
          1.0
        ]
      ]
    },
    {
      "file_path": "./../latent-control-idea/instr/data/images/66.png",
      "sharpness": 194.0887240201208,
      "transform_matrix": [
        [
          0.4102298187936785,
          0.07627710900727915,
          0.9087867177641642,
          4.136053959094789
        ],
        [
          0.8871769230398157,
          -0.2642098439731296,
          -0.37829917469065316,
          -0.8351027279415446
        ],
        [
          0.21125482952007965,
          0.9614442058486093,
          -0.17605804728405364,
          -0.7365283541718163
        ],
        [
          0.0,
          0.0,
          0.0,
          1.0
        ]
      ]
    },
    {
      "file_path": "./../latent-control-idea/instr/data/images/65.png",
      "sharpness": 221.66123696221248,
      "transform_matrix": [
        [
          0.3990325024434386,
          0.13164521229213189,
          0.9074373807844001,
          4.410363523731157
        ],
        [
          0.8988160295067736,
          -0.25193089077730046,
          -0.3586928649585384,
          -0.4804310872464656
        ],
        [
          0.18139130931049446,
          0.9587493751356726,
          -0.21885344080566124,
          -0.599437785606189
        ],
        [
          0.0,
          0.0,
          0.0,
          1.0
        ]
      ]
    },
    {
      "file_path": "./../latent-control-idea/instr/data/images/59.png",
      "sharpness": 290.9133107592159,
      "transform_matrix": [
        [
          0.2907029751405985,
          0.10801179708482099,
          0.950697234615457,
          4.81882120776086
        ],
        [
          0.937688903747071,
          -0.2298256464612707,
          -0.26061406718863916,
          0.04456707988903459
        ],
        [
          0.19034521279181046,
          0.9672195324171694,
          -0.16809246279011977,
          0.05425343759204189
        ],
        [
          0.0,
          0.0,
          0.0,
          1.0
        ]
      ]
    },
    {
      "file_path": "./../latent-control-idea/instr/data/images/57.png",
      "sharpness": 287.0926644081964,
      "transform_matrix": [
        [
          0.26765827954827087,
          0.0740920127030955,
          0.9606609282225594,
          4.876386178242623
        ],
        [
          0.9379946173748218,
          -0.2479861077073863,
          -0.24221682055202493,
          0.20851927505808082
        ],
        [
          0.2202842326712332,
          0.9659261172616683,
          -0.13587344404680182,
          0.3429748929430167
        ],
        [
          0.0,
          0.0,
          0.0,
          1.0
        ]
      ]
    },
    {
      "file_path": "./../latent-control-idea/instr/data/images/58.png",
      "sharpness": 287.0926644081964,
      "transform_matrix": [
        [
          0.26765827954827087,
          0.0740920127030955,
          0.9606609282225594,
          4.876386178242623
        ],
        [
          0.9379946173748218,
          -0.2479861077073863,
          -0.24221682055202493,
          0.20851927505808082
        ],
        [
          0.2202842326712332,
          0.9659261172616683,
          -0.13587344404680182,
          0.3429748929430167
        ],
        [
          0.0,
          0.0,
          0.0,
          1.0
        ]
      ]
    },
    {
      "file_path": "./../latent-control-idea/instr/data/images/5.png",
      "sharpness": 545.3314495915732,
      "transform_matrix": [
        [
          0.5377846517715174,
          0.45039581874942786,
          0.7126929736868364,
          4.204291938861434
        ],
        [
          0.7960182512573178,
          -0.5497501864966255,
          -0.25323837803638066,
          -1.2638449627467903
        ],
        [
          0.2777455885847001,
          0.703504327545052,
          -0.6541705046209422,
          -2.91464055504548
        ],
        [
          0.0,
          0.0,
          0.0,
          1.0
        ]
      ]
    },
    {
      "file_path": "./../latent-control-idea/instr/data/images/61.png",
      "sharpness": 288.5373412220849,
      "transform_matrix": [
        [
          0.33160859947079463,
          0.15471344854690466,
          0.9306446612785718,
          4.781261026265048
        ],
        [
          0.924171159195011,
          -0.25150958840894877,
          -0.2874901658297907,
          -0.04755064402505688
        ],
        [
          0.1895874607343107,
          0.9554091666649095,
          -0.22638444945241823,
          -0.15441666906953394
        ],
        [
          0.0,
          0.0,
          0.0,
          1.0
        ]
      ]
    },
    {
      "file_path": "./../latent-control-idea/instr/data/images/56.png",
      "sharpness": 287.0926644081964,
      "transform_matrix": [
        [
          0.26765827954827087,
          0.0740920127030955,
          0.9606609282225594,
          4.876386178242623
        ],
        [
          0.9379946173748218,
          -0.2479861077073863,
          -0.24221682055202493,
          0.20851927505808082
        ],
        [
          0.2202842326712332,
          0.9659261172616683,
          -0.13587344404680182,
          0.3429748929430167
        ],
        [
          0.0,
          0.0,
          0.0,
          1.0
        ]
      ]
    },
    {
      "file_path": "./../latent-control-idea/instr/data/images/55.png",
      "sharpness": 239.8792559963226,
      "transform_matrix": [
        [
          0.26233390406102347,
          0.03389438906607714,
          0.9643817154739633,
          4.868464069366865
        ],
        [
          0.9384035081307994,
          -0.2418787794395017,
          -0.24676610784910344,
          0.313799710233822
        ],
        [
          0.224899485784856,
          0.9697143014399645,
          -0.09525961812543685,
          0.5905664843532898
        ],
        [
          0.0,
          0.0,
          0.0,
          1.0
        ]
      ]
    },
    {
      "file_path": "./../latent-control-idea/instr/data/images/48.png",
      "sharpness": 372.1401574298433,
      "transform_matrix": [
        [
          0.1828457179431827,
          -0.0767737588610753,
          0.9801393948570524,
          4.792950387938942
        ],
        [
          0.9505085538758823,
          -0.24092164804940702,
          -0.19618931802793577,
          0.4129972885305902
        ],
        [
          0.25119898972050514,
          0.9675032555099605,
          0.02892262280500769,
          1.2635519799393904
        ],
        [
          0.0,
          0.0,
          0.0,
          1.0
        ]
      ]
    },
    {
      "file_path": "./../latent-control-idea/instr/data/images/53.png",
      "sharpness": 315.6752371126704,
      "transform_matrix": [
        [
          0.22369282738753463,
          -0.02303309459569984,
          0.9743874976103098,
          4.881861501249506
        ],
        [
          0.9496716210580696,
          -0.21977126462205362,
          -0.22321380647641714,
          0.3808822798088545
        ],
        [
          0.21928367730137355,
          0.9752794818769426,
          -0.027287379279159203,
          0.875103392238816
        ],
        [
          0.0,
          0.0,
          0.0,
          1.0
        ]
      ]
    },
    {
      "file_path": "./../latent-control-idea/instr/data/images/51.png",
      "sharpness": 330.54689684498055,
      "transform_matrix": [
        [
          0.20371174149795246,
          -0.06074202353340542,
          0.9771447860596217,
          4.882354158723358
        ],
        [
          0.9502584910097487,
          -0.22792148867441273,
          -0.21227481071159793,
          0.4837646849983701
        ],
        [
          0.23560629583694248,
          0.9717830012652678,
          0.011290340241061897,
          1.1333292228863385
        ],
        [
          0.0,
          0.0,
          0.0,
          1.0
        ]
      ]
    },
    {
      "file_path": "./../latent-control-idea/instr/data/images/54.png",
      "sharpness": 315.6752371126704,
      "transform_matrix": [
        [
          0.22369827507747797,
          -0.023037377898430033,
          0.9743861456925029,
          4.881939868740348
        ],
        [
          0.9496721404312897,
          -0.219762422799377,
          -0.22322030197168674,
          0.3806544157659153
        ],
        [
          0.21927587057065456,
          0.9752813730997335,
          -0.02728251892834162,
          0.8752291098920495
        ],
        [
          0.0,
          0.0,
          0.0,
          1.0
        ]
      ]
    },
    {
      "file_path": "./../latent-control-idea/instr/data/images/47.png",
      "sharpness": 386.7357430240949,
      "transform_matrix": [
        [
          0.16861530346994513,
          -0.10351351691607162,
          0.9802315191943024,
          4.642661516947515
        ],
        [
          0.9513578495473537,
          -0.2430591242878671,
          -0.18931588470960334,
          0.2657379842598322
        ],
        [
          0.2578509676891013,
          0.9644725055112179,
          0.05749490884941959,
          1.4064585408702674
        ],
        [
          0.0,
          0.0,
          0.0,
          1.0
        ]
      ]
    },
    {
      "file_path": "./../latent-control-idea/instr/data/images/50.png",
      "sharpness": 330.54689684498055,
      "transform_matrix": [
        [
          0.20370517283513404,
          -0.06073098940171691,
          0.9771468412971831,
          4.882224855544195
        ],
        [
          0.9502607867621062,
          -0.227920302152648,
          -0.21226580743784118,
          0.48392682612113547
        ],
        [
          0.23560271581781395,
          0.9717839691842827,
          0.011281733227075376,
          1.133089990129271
        ],
        [
          0.0,
          0.0,
          0.0,
          1.0
        ]
      ]
    },
    {
      "file_path": "./../latent-control-idea/instr/data/images/49.png",
      "sharpness": 330.54689684498055,
      "transform_matrix": [
        [
          0.20370517283513404,
          -0.06073098940171694,
          0.9771468412971831,
          4.882224855544195
        ],
        [
          0.9502607867621062,
          -0.227920302152648,
          -0.2122658074378412,
          0.48392682612113525
        ],
        [
          0.23560271581781395,
          0.9717839691842827,
          0.011281733227075404,
          1.1330899901292713
        ],
        [
          0.0,
          0.0,
          0.0,
          1.0
        ]
      ]
    },
    {
      "file_path": "./../latent-control-idea/instr/data/images/52.png",
      "sharpness": 315.6752371126704,
      "transform_matrix": [
        [
          0.22369282738753463,
          -0.02303309459569984,
          0.9743874976103098,
          4.881861501249506
        ],
        [
          0.9496716210580696,
          -0.21977126462205362,
          -0.22321380647641714,
          0.3808822798088545
        ],
        [
          0.21928367730137355,
          0.9752794818769426,
          -0.027287379279159203,
          0.875103392238816
        ],
        [
          0.0,
          0.0,
          0.0,
          1.0
        ]
      ]
    },
    {
      "file_path": "./../latent-control-idea/instr/data/images/46.png",
      "sharpness": 386.7357430240949,
      "transform_matrix": [
        [
          0.16861530346994513,
          -0.10351351691607162,
          0.9802315191943024,
          4.642661516947515
        ],
        [
          0.9513578495473537,
          -0.2430591242878671,
          -0.18931588470960334,
          0.2657379842598322
        ],
        [
          0.2578509676891013,
          0.9644725055112179,
          0.05749490884941959,
          1.4064585408702674
        ],
        [
          0.0,
          0.0,
          0.0,
          1.0
        ]
      ]
    },
    {
      "file_path": "./../latent-control-idea/instr/data/images/45.png",
      "sharpness": 370.54659994807776,
      "transform_matrix": [
        [
          0.15678412316746695,
          -0.16620352295859678,
          0.9735477017842141,
          4.537269620901426
        ],
        [
          0.9448304312803091,
          -0.26180816911335564,
          -0.19685512111831785,
          0.07105297696833685
        ],
        [
          0.2876007559909459,
          0.9507012525042937,
          0.11598678204476025,
          1.4851000865790744
        ],
        [
          0.0,
          0.0,
          0.0,
          1.0
        ]
      ]
    },
    {
      "file_path": "./../latent-control-idea/instr/data/images/44.png",
      "sharpness": 383.77072265281674,
      "transform_matrix": [
        [
          0.14640345141102673,
          -0.1920164310328402,
          0.970410078059227,
          4.408098570791949
        ],
        [
          0.946757948067284,
          -0.25714441375499697,
          -0.19371664421095797,
          -0.17377547456508172
        ],
        [
          0.28673230927752735,
          0.9471042395954129,
          0.1441462525550582,
          1.5779242624011984
        ],
        [
          0.0,
          0.0,
          0.0,
          1.0
        ]
      ]
    },
    {
      "file_path": "./../latent-control-idea/instr/data/images/4.png",
      "sharpness": 537.5193821599325,
      "transform_matrix": [
        [
          0.5341576104687045,
          0.4443953564723518,
          0.7191581288525776,
          4.1889295343954585
        ],
        [
          0.7977985663412128,
          -0.546370302896033,
          -0.25494497377970166,
          -1.2488574883225236
        ],
        [
          0.2796302821876622,
          0.7099241221663875,
          -0.6463858337083417,
          -2.8685727958364167
        ],
        [
          0.0,
          0.0,
          0.0,
          1.0
        ]
      ]
    },
    {
      "file_path": "./../latent-control-idea/instr/data/images/136.png",
      "sharpness": 265.9047488029374,
      "transform_matrix": [
        [
          0.49247234014410984,
          -0.23449588422999937,
          0.8381423950873385,
          2.5606713896368887
        ],
        [
          0.8607491139909803,
          -0.011256836364894092,
          -0.508904948293025,
          -2.652833223844844
        ],
        [
          0.12877094763097358,
          0.972051934766488,
          0.19629844403826469,
          -0.2415569469651648
        ],
        [
          0.0,
          0.0,
          0.0,
          1.0
        ]
      ]
    },
    {
      "file_path": "./../latent-control-idea/instr/data/images/132.png",
      "sharpness": 222.12667889806966,
      "transform_matrix": [
        [
          0.5499342369667095,
          -0.04572359864207608,
          0.8339554469572259,
          2.4668028442713994
        ],
        [
          0.8190301425535618,
          -0.16605156204639088,
          -0.5491962348095404,
          -2.921494060284025
        ],
        [
          0.16359083286051418,
          0.9850564609396706,
          -0.05386843355723081,
          -1.0552936851397712
        ],
        [
          0.0,
          0.0,
          0.0,
          1.0
        ]
      ]
    },
    {
      "file_path": "./../latent-control-idea/instr/data/images/139.png",
      "sharpness": 240.33653276299378,
      "transform_matrix": [
        [
          0.4061576843492648,
          -0.36158628514507507,
          0.8392206466773758,
          2.744155555766271
        ],
        [
          0.9120860828552138,
          0.10414127666759285,
          -0.396552104967564,
          -2.3546044757852305
        ],
        [
          0.055990292950896546,
          0.9265041569566396,
          0.3720955982086255,
          0.37351672614784925
        ],
        [
          0.0,
          0.0,
          0.0,
          1.0
        ]
      ]
    },
    {
      "file_path": "./../latent-control-idea/instr/data/images/140.png",
      "sharpness": 258.40024547185897,
      "transform_matrix": [
        [
          0.38201836242467146,
          -0.3805449908558836,
          0.8421683208690726,
          2.7750472385055853
        ],
        [
          0.9236278503359134,
          0.12644893081976666,
          -0.3618318144894495,
          -2.2089046155926852
        ],
        [
          0.03120200079208296,
          0.9160765130697142,
          0.3997877653424373,
          0.5803277671502295
        ],
        [
          0.0,
          0.0,
          0.0,
          1.0
        ]
      ]
    },
    {
      "file_path": "./../latent-control-idea/instr/data/images/138.png",
      "sharpness": 242.54791562499997,
      "transform_matrix": [
        [
          0.43244582463470205,
          -0.32146907307506495,
          0.8424062225451783,
          2.6889921070602765
        ],
        [
          0.8969106838830274,
          0.05760188144526736,
          -0.4384441223106718,
          -2.491576312042371
        ],
        [
          0.09242204223461915,
          0.9451664711991903,
          0.3132387393011083,
          0.1815283665104085
        ],
        [
          0.0,
          0.0,
          0.0,
          1.0
        ]
      ]
    },
    {
      "file_path": "./../latent-control-idea/instr/data/images/141.png",
      "sharpness": 273.6703032561832,
      "transform_matrix": [
        [
          0.365740804323257,
          -0.4159724414949108,
          0.8325866873427088,
          2.737445828785008
        ],
        [
          0.930621101119486,
          0.1506220468457022,
          -0.33355264225230835,
          -2.1499712447044117
        ],
        [
          0.013342795940729586,
          0.8968165514138038,
          0.44220136010151706,
          0.7560431113604943
        ],
        [
          0.0,
          0.0,
          0.0,
          1.0
        ]
      ]
    },
    {
      "file_path": "./../latent-control-idea/instr/data/images/14.png",
      "sharpness": 259.9477452778181,
      "transform_matrix": [
        [
          0.6889525863105221,
          0.1084527282437904,
          0.716646593184595,
          2.995992636649359
        ],
        [
          0.6211274016700026,
          -0.5979287483829601,
          -0.5066379010202338,
          -2.0757360081630662
        ],
        [
          0.37355733789842527,
          0.7941783285712313,
          -0.4793075189259422,
          -2.172145255936899
        ],
        [
          0.0,
          0.0,
          0.0,
          1.0
        ]
      ]
    },
    {
      "file_path": "./../latent-control-idea/instr/data/images/143.png",
      "sharpness": 244.52391830053335,
      "transform_matrix": [
        [
          0.3591150973377218,
          -0.49708615594989847,
          0.7898998040243062,
          2.4580351665083873
        ],
        [
          0.9327204302929675,
          0.16150350686581647,
          -0.3224115633510603,
          -1.9149716977634959
        ],
        [
          0.03269473623742911,
          0.8525385450535046,
          0.5216407608587674,
          1.123221747119042
        ],
        [
          0.0,
          0.0,
          0.0,
          1.0
        ]
      ]
    },
    {
      "file_path": "./../latent-control-idea/instr/data/images/144.png",
      "sharpness": 241.1143168604533,
      "transform_matrix": [
        [
          0.3354512676816063,
          -0.5287206473879286,
          0.7796966871848683,
          2.2547892658339066
        ],
        [
          0.9415486229584578,
          0.16096522741745656,
          -0.2959330771742302,
          -1.7691100934449584
        ],
        [
          0.03096187357771097,
          0.8333934680311982,
          0.5518121870676521,
          1.2539599547994615
        ],
        [
          0.0,
          0.0,
          0.0,
          1.0
        ]
      ]
    },
    {
      "file_path": "./../latent-control-idea/instr/data/images/142.png",
      "sharpness": 274.6626606714885,
      "transform_matrix": [
        [
          0.37339426974150414,
          -0.44824587293323237,
          0.8121898526164305,
          2.6519166479474663
        ],
        [
          0.9276492227524937,
          0.17418274097098935,
          -0.33034420272324666,
          -2.042641636792183
        ],
        [
          0.0066059708005606205,
          0.87677591784628,
          0.48085377299496207,
          0.9303053572687593
        ],
        [
          0.0,
          0.0,
          0.0,
          1.0
        ]
      ]
    },
    {
      "file_path": "./../latent-control-idea/instr/data/images/145.png",
      "sharpness": 230.7526452847692,
      "transform_matrix": [
        [
          0.34480769794600435,
          -0.5584144808885979,
          0.754507070173408,
          2.107723439820671
        ],
        [
          0.9382853972997808,
          0.1819331834379428,
          -0.2941442332877839,
          -1.5924794670904476
        ],
        [
          0.02698452613468904,
          0.8093661620472032,
          0.586684115219734,
          1.302044647752807
        ],
        [
          0.0,
          0.0,
          0.0,
          1.0
        ]
      ]
    },
    {
      "file_path": "./../latent-control-idea/instr/data/images/146.png",
      "sharpness": 241.18555240614145,
      "transform_matrix": [
        [
          0.31998702810224394,
          -0.5989312022185426,
          0.734091082104878,
          2.0726929906616514
        ],
        [
          0.9472980269635123,
          0.1897291456421364,
          -0.25812651821010535,
          -1.4163966877447953
        ],
        [
          0.01532155204479496,
          0.7780001711258919,
          0.6280772116069148,
          1.3193001089511687
        ],
        [
          0.0,
          0.0,
          0.0,
          1.0
        ]
      ]
    },
    {
      "file_path": "./../latent-control-idea/instr/data/images/15.png",
      "sharpness": 246.83726235833703,
      "transform_matrix": [
        [
          0.6953908874468737,
          0.1133943756622573,
          0.7096289376812236,
          2.950787596737674
        ],
        [
          0.6300335202938329,
          -0.5711876416167518,
          -0.5261201776864137,
          -2.115257839250881
        ],
        [
          0.3456722102650721,
          0.8129491949747365,
          -0.4686409386825733,
          -1.9742952802532963
        ],
        [
          0.0,
          0.0,
          0.0,
          1.0
        ]
      ]
    },
    {
      "file_path": "./../latent-control-idea/instr/data/images/147.png",
      "sharpness": 232.34204461363683,
      "transform_matrix": [
        [
          0.2806565768094147,
          -0.6372909229096179,
          0.7176992165532815,
          2.0361318590382815
        ],
        [
          0.9597972554531548,
          0.18276764213325766,
          -0.21303806564079328,
          -1.1884791846553084
        ],
        [
          0.004595031896771374,
          0.7486362725215635,
          0.6629650195265073,
          1.2920449894437511
        ],
        [
          0.0,
          0.0,
          0.0,
          1.0
        ]
      ]
    },
    {
      "file_path": "./../latent-control-idea/instr/data/images/148.png",
      "sharpness": 351.11926949039037,
      "transform_matrix": [
        [
          0.19457820198755235,
          -0.6931350381964386,
          0.694048371589674,
          2.078294842110997
        ],
        [
          0.9806628767495529,
          0.1525907975753284,
          -0.12254130184940319,
          -0.9394869077940741
        ],
        [
          -0.020967724638698865,
          0.7044713388695435,
          0.7094226435656844,
          1.260871243882803
        ],
        [
          0.0,
          0.0,
          0.0,
          1.0
        ]
      ]
    },
    {
      "file_path": "./../latent-control-idea/instr/data/images/150.png",
      "sharpness": 558.1493406141493,
      "transform_matrix": [
        [
          0.10086276836904041,
          -0.7159449877336754,
          0.6908324518047239,
          2.323946355846168
        ],
        [
          0.991597107843619,
          0.12887768449813858,
          -0.0112124106640191,
          -0.5422785920974762
        ],
        [
          -0.08100541754944869,
          0.6861583759937441,
          0.7229279392513217,
          1.264678685888965
        ],
        [
          0.0,
          0.0,
          0.0,
          1.0
        ]
      ]
    },
    {
      "file_path": "./../latent-control-idea/instr/data/images/149.png",
      "sharpness": 489.9862461853027,
      "transform_matrix": [
        [
          0.13034355302831216,
          -0.7267427312863997,
          0.6744298041137451,
          2.202052567612303
        ],
        [
          0.990307134455273,
          0.12834959899652884,
          -0.05308634365584108,
          -0.7327772360575115
        ],
        [
          -0.04798268052685229,
          0.6748121093524986,
          0.7364280544693995,
          1.2339369406643417
        ],
        [
          0.0,
          0.0,
          0.0,
          1.0
        ]
      ]
    },
    {
      "file_path": "./../latent-control-idea/instr/data/images/152.png",
      "sharpness": 649.7179080529846,
      "transform_matrix": [
        [
          0.05428323510805836,
          -0.689553464132311,
          0.7221975840861684,
          2.453374136592981
        ],
        [
          0.9861663249164327,
          0.15046615549447367,
          0.0695407481255375,
          -0.24796837890701076
        ],
        [
          -0.15661835775315952,
          0.7084320405816943,
          0.6881821952512684,
          1.3817777230856791
        ],
        [
          0.0,
          0.0,
          0.0,
          1.0
        ]
      ]
    },
    {
      "file_path": "./../latent-control-idea/instr/data/images/153.png",
      "sharpness": 667.9875136386447,
      "transform_matrix": [
        [
          0.01740144242667045,
          -0.6725148469607344,
          0.7398790241582853,
          2.490325509757878
        ],
        [
          0.9810756731117182,
          0.1542070877286196,
          0.11709268858889803,
          -0.11293134751342868
        ],
        [
          -0.19284116113352598,
          0.7238397299682674,
          0.6624713819185207,
          1.337908724742409
        ],
        [
          0.0,
          0.0,
          0.0,
          1.0
        ]
      ]
    },
    {
      "file_path": "./../latent-control-idea/instr/data/images/73.png",
      "sharpness": 265.69644222306147,
      "transform_matrix": [
        [
          0.6586367976625788,
          0.29653910657429156,
          0.6915649839367735,
          2.5894552231542183
        ],
        [
          0.741723423203258,
          -0.10114902396936208,
          -0.6630348696863656,
          -2.228551950486116
        ],
        [
          -0.1266646447478046,
          0.9496491105619429,
          -0.2865704704757954,
          -1.2316100575537299
        ],
        [
          0.0,
          0.0,
          0.0,
          1.0
        ]
      ]
    },
    {
      "file_path": "./../latent-control-idea/instr/data/images/102.png",
      "sharpness": 616.1231770188649,
      "transform_matrix": [
        [
          0.09030031905324257,
          -0.18826824329389283,
          0.97795752510857,
          3.6575561985722724
        ],
        [
          0.5295153960606193,
          0.8407457578223194,
          0.11296024095613962,
          1.283363226269448
        ],
        [
          -0.8434804666923119,
          0.5076432204396569,
          0.17561054358741815,
          0.8942401781661268
        ],
        [
          0.0,
          0.0,
          0.0,
          1.0
        ]
      ]
    },
    {
      "file_path": "./../latent-control-idea/instr/data/images/72.png",
      "sharpness": 267.1403880619367,
      "transform_matrix": [
        [
          0.6736399507353269,
          0.21662182059522178,
          0.7066004554101868,
          2.7400475939181015
        ],
        [
          0.7363656902012029,
          -0.11516827972847199,
          -0.6667097101716912,
          -2.1313588495994384
        ],
        [
          -0.06304591232095842,
          0.9694386283594285,
          -0.2370948307178019,
          -1.2793869138040268
        ],
        [
          0.0,
          0.0,
          0.0,
          1.0
        ]
      ]
    },
    {
      "file_path": "./../latent-control-idea/instr/data/images/101.png",
      "sharpness": 596.4790262679948,
      "transform_matrix": [
        [
          0.10872097543925811,
          -0.19888520830885384,
          0.9739735229389173,
          3.65127561184636
        ],
        [
          0.4961989825220255,
          0.8598490591139502,
          0.12019220142459759,
          1.229856489171832
        ],
        [
          -0.861374668318358,
          0.4702172577066094,
          0.1921702664389312,
          0.9756396125549956
        ],
        [
          0.0,
          0.0,
          0.0,
          1.0
        ]
      ]
    },
    {
      "file_path": "./../latent-control-idea/instr/data/images/87.png",
      "sharpness": 313.30292852095505,
      "transform_matrix": [
        [
          0.36920129054111633,
          0.6479015218608238,
          0.6662687333229498,
          2.538700509990937
        ],
        [
          0.4035813337773405,
          0.534016275552529,
          -0.7429325167670603,
          -1.9820421458321311
        ],
        [
          -0.8371454557394932,
          0.5431852680239733,
          -0.064321462245006,
          0.10228199613216463
        ],
        [
          0.0,
          0.0,
          0.0,
          1.0
        ]
      ]
    },
    {
      "file_path": "./../latent-control-idea/instr/data/images/127.png",
      "sharpness": 264.6883335081312,
      "transform_matrix": [
        [
          0.5043035465040678,
          0.2090077038717822,
          0.837850650579344,
          2.4337656369112555
        ],
        [
          0.8634959811266635,
          -0.1302080814247149,
          -0.487258192448445,
          -2.5078927486150238
        ],
        [
          0.007254209736021069,
          0.9692067040745365,
          -0.2461417095637699,
          -1.8804028586161525
        ],
        [
          0.0,
          0.0,
          0.0,
          1.0
        ]
      ]
    },
    {
      "file_path": "./../latent-control-idea/instr/data/images/89.png",
      "sharpness": 345.3319939833642,
      "transform_matrix": [
        [
          0.32393640568650184,
          0.619072911755796,
          0.7154117240943677,
          3.083675345302981
        ],
        [
          0.4508801070239557,
          0.5637675577756033,
          -0.6920066978636319,
          -2.171501098312903
        ],
        [
          -0.8317285218976674,
          0.5467310771427911,
          -0.09650282439959904,
          0.15956725055134727
        ],
        [
          0.0,
          0.0,
          0.0,
          1.0
        ]
      ]
    },
    {
      "file_path": "./../latent-control-idea/instr/data/images/125.png",
      "sharpness": 297.5907556309065,
      "transform_matrix": [
        [
          0.44496785169085606,
          0.2539521178665264,
          0.858785149361175,
          2.781172725434847
        ],
        [
          0.8954845466290381,
          -0.13745527460950777,
          -0.42333612440818325,
          -2.213907738124507
        ],
        [
          0.010537443173141967,
          0.9573997959484846,
          -0.2885733753797599,
          -2.12963470133757
        ],
        [
          0.0,
          0.0,
          0.0,
          1.0
        ]
      ]
    },
    {
      "file_path": "./../latent-control-idea/instr/data/images/90.png",
      "sharpness": 250.69872365926102,
      "transform_matrix": [
        [
          0.23764744236943403,
          0.5468495003969915,
          0.8027946916998097,
          3.625059565451632
        ],
        [
          0.5009037312729556,
          0.6391144799498981,
          -0.5836335609897119,
          -2.0269700018283645
        ],
        [
          -0.8322374331344037,
          0.5408218795687268,
          -0.12203503365224051,
          0.26612892046667924
        ],
        [
          0.0,
          0.0,
          0.0,
          1.0
        ]
      ]
    },
    {
      "file_path": "./../latent-control-idea/instr/data/images/117.png",
      "sharpness": 796.9413208266258,
      "transform_matrix": [
        [
          0.05172248698667876,
          0.37814373763631604,
          0.9243008698453741,
          3.717478491917314
        ],
        [
          0.9671815176095768,
          0.21158433325467202,
