{
  "camera_angle_x": 1.7541004989974107,
  "camera_angle_y": 1.1836627926928827,
  "fl_x": 798.3873559789939,
  "fl_y": 803.31880734345,
  "k1": -0.0012157893256066622,
  "k2": -0.00089267007693749,
  "p1": 0.0006018419336914694,
  "p2": 0.0012672210860508264,
  "cx": 959.7959561395503,
  "cy": 538.2970295615252,
  "w": 1920.0,
  "h": 1080.0,
  "aabb_scale": 8,
  "frames": [
    {
      "file_path": "images/0054.jpg",
      "sharpness": 52.03837318146465,
      "transform_matrix": [
        [
          -0.9332115560885685,
          0.028795999271752915,
          -0.35817172118244,
          -2.2394761283671536
        ],
        [
          -0.2711222251935752,
          -0.7105865643550096,
          0.6492761149452313,
          2.1255339944642917
        ],
        [
          -0.23581545827102107,
          0.7030202876075753,
          0.6709348288565986,
          2.604347505984102
        ],
        [
          0.0,
          0.0,
          0.0,
          1.0
        ]
      ]
    },
    {
      "file_path": "images/0058.jpg",
      "sharpness": 48.2722144799168,
      "transform_matrix": [
        [
          -0.9208682163781652,
          0.16363387320297879,
          -0.35387241126030955,
          -2.907821591373366
        ],
        [
          -0.38781611814297634,
          -0.47759172438705466,
          0.7883557592734752,
          2.7312417292848816
        ],
        [
          -0.04000482875502237,
          0.8632091867664875,
          0.5032588928955586,
          1.953871916283246
        ],
        [
          0.0,
          0.0,
          0.0,
          1.0
        ]
      ]
    },
    {
      "file_path": "images/0037.jpg",
      "sharpness": 50.445791420508264,
      "transform_matrix": [
        [
          -0.8725249256446401,
          -0.487988903919102,
          0.02381351773145396,
          1.5971044175715143
        ],
        [
          0.45363784145124963,
          -0.791079234939437,
          0.4103734308227457,
          1.4923124272110992
        ],
        [
          -0.18141930131649797,
          0.36886375999621,
          0.9116065836705736,
          3.5734200618776817
        ],
        [
          0.0,
          0.0,
          0.0,
          1.0
        ]
      ]
    },
    {
      "file_path": "images/0051.jpg",
      "sharpness": 48.99448541706648,
      "transform_matrix": [
        [
          -0.9249826612164607,
          -0.11879848259455844,
          -0.3609625975475052,
          -1.4157422507167303
        ],
        [
          -0.10486106513583196,
          -0.8332042056615288,
          0.5429317715520654,
          1.4896899354118998
        ],
        [
          -0.36525502497585227,
          0.5400533973622255,
          0.758242108068162,
          3.048836171006216
        ],
        [
          0.0,
          0.0,
          0.0,
          1.0
        ]
      ]
    },
    {
      "file_path": "images/0042.jpg",
      "sharpness": 50.48744101253558,
      "transform_matrix": [
        [
          -0.8736753509544766,
          -0.4591467437401726,
          -0.16085909577473598,
          0.57134888920809
        ],
        [
          0.3582965134859597,
          -0.8309117567882025,
          0.4256868106120901,
          0.7893592077292716
        ],
        [
          -0.32911242681122826,
          0.31427682047961764,
          0.8904577981846691,
          3.8107146719965943
        ],
        [
          0.0,
          0.0,
          0.0,
          1.0
        ]
      ]
    },
    {
      "file_path": "images/0050.jpg",
      "sharpness": 46.32779416667914,
      "transform_matrix": [
        [
          -0.9216674553642743,
          -0.16815603877231283,
          -0.3496464617193275,
          -1.168140757984175
        ],
        [
          -0.04965564046843721,
          -0.8426587777983376,
          0.5361534308789095,
          1.3482293448029339
        ],
        [
          -0.3847900972047045,
          0.5115170873171861,
          0.768301275669889,
          3.1884748423202
        ],
        [
          0.0,
          0.0,
          0.0,
          1.0
        ]
      ]
    },
    {
      "file_path": "images/0049.jpg",
      "sharpness": 40.97112943672001,
      "transform_matrix": [
        [
          -0.921132700642457,
          -0.20559436910579543,
          -0.33052307490585453,
          -0.9115292310487271
        ],
        [
          -0.0020428706051244527,
          -0.8465657450980698,
          0.5322802511651032,
          1.2038672982646907
        ],
        [
          -0.3892433356055437,
          0.49097596112839753,
          0.7793793883603537,
          3.2741125486960354
        ],
        [
          0.0,
          0.0,
          0.0,
          1.0
        ]
      ]
    },
    {
      "file_path": "images/0039.jpg",
      "sharpness": 53.330291320856354,
      "transform_matrix": [
        [
          -0.8692501712629243,
          -0.4916449719330952,
          -0.05185905107481539,
          1.1806309659102683
        ],
        [
          0.42968627809228166,
          -0.8032214609247289,
          0.41255907092596006,
          1.090151421290549
        ],
        [
          -0.24448689561262094,
          0.33633392041672877,
          0.9094534906035929,
          3.803491680616135
        ],
        [
          0.0,
          0.0,
          0.0,
          1.0
        ]
      ]
    },
    {
      "file_path": "images/0048.jpg",
      "sharpness": 41.30199982558302,
      "transform_matrix": [
        [
          -0.9138811536810781,
          -0.24819869100429442,
          -0.3212765889018274,
          -0.6874999000807887
        ],
        [
          0.04331742779878289,
          -0.8464522958330748,
          0.5306996431145952,
          1.0926734523116888
        ],
        [
          -0.40366426301085967,
          0.4710795266645085,
          0.7843081295292589,
          3.3850279023707226
        ],
        [
          0.0,
          0.0,
          0.0,
          1.0
        ]
      ]
    },
    {
      "file_path": "images/0062.jpg",
      "sharpness": 34.26924573175875,
      "transform_matrix": [
        [
          -0.8303550358753824,
          0.39761701283631534,
          -0.3903988029510532,
          -3.0593147222455506
        ],
        [
          -0.4447357118565154,
          -0.05076578705118376,
          0.8942219977940027,
          2.96509211871753
        ],
        [
          0.33573897707972333,
          0.9161460285971632,
          0.21898811217814768,
          0.9901037598426071
        ],
        [
          0.0,
          0.0,
          0.0,
          1.0
        ]
      ]
    },
    {
      "file_path": "images/0057.jpg",
      "sharpness": 47.851204171304765,
      "transform_matrix": [
        [
          -0.9283737216434242,
          0.10986253848331645,
          -0.35503866753642077,
          -2.7974098260092375
        ],
        [
          -0.3528771474904841,
          -0.5603396756756779,
          0.7493311461008413,
          2.598762222671833
        ],
        [
          -0.11661882994443135,
          0.8209443770980454,
          0.5589726092875545,
          2.15853018671484
        ],
        [
          0.0,
          0.0,
          0.0,
          1.0
        ]
      ]
    },
    {
      "file_path": "images/0061.jpg",
      "sharpness": 33.84802274462955,
      "transform_matrix": [
        [
          -0.8569096813337695,
          0.35236803555823587,
          -0.37622143133982267,
          -3.0644998006168427
        ],
        [
          -0.4558775342498398,
          -0.17740534307849376,
          0.8721829039184573,
          2.9697452787615766
        ],
        [
          0.24058568440090072,
          0.9188928727126708,
          0.31265702720304867,
          1.2368784263135286
        ],
        [
          0.0,
          0.0,
          0.0,
          1.0
        ]
      ]
    },
    {
      "file_path": "images/0059.jpg",
      "sharpness": 42.929606389760345,
      "transform_matrix": [
        [
          -0.9076854139268202,
          0.23314693495373395,
          -0.34892649070008164,
          -2.9696401894503657
        ],
        [
          -0.4165654799955668,
          -0.3999307270924778,
          0.81641203707288,
          2.8214783337242273
        ],
        [
          0.05079753897536554,
          0.8863960288869839,
          0.46013225243148725,
          1.714055376898028
        ],
        [
          0.0,
          0.0,
          0.0,
          1.0
        ]
      ]
    },
    {
      "file_path": "images/0041.jpg",
      "sharpness": 50.117984512159325,
      "transform_matrix": [
        [
          -0.876830102408025,
          -0.4598660984089073,
          -0.1403286958943155,
          0.781664762829591
        ],
        [
          0.3682946052362417,
          -0.8300319657036919,
          0.41881501828145007,
          0.8968864992102202
        ],
        [
          -0.30907613170993986,
          0.3155473137120291,
          0.8971632166649417,
          3.8332511595425904
        ],
        [
          0.0,
          0.0,
          0.0,
          1.0
        ]
      ]
    },
    {
      "file_path": "images/0060.jpg",
      "sharpness": 36.947074882070304,
      "transform_matrix": [
        [
          -0.8855282931520403,
          0.29893828407860495,
          -0.3556340031345016,
          -3.027369902665749
        ],
        [
          -0.4406890869111576,
          -0.2981450714992623,
          0.84670103631226,
          2.9044233196352227
        ],
        [
          0.14708082963065855,
          0.9065017476115629,
          0.3957547357298234,
          1.4720959918263135
        ],
        [
          0.0,
          0.0,
          0.0,
          1.0
        ]
      ]
    },
    {
      "file_path": "images/0036.jpg",
      "sharpness": 50.933411458124056,
      "transform_matrix": [
        [
          -0.874158921069337,
          -0.4842941557170152,
          0.03612964571281671,
          1.72236756102453
        ],
        [
          0.4487594005871879,
          -0.7770967917015674,
          0.44128854119034566,
          1.796711727974523
        ],
        [
          -0.18563722971462782,
          0.40196983320072543,
          0.8966376480277316,
          3.509627568366241
        ],
        [
          0.0,
          0.0,
          0.0,
          1.0
        ]
      ]
    },
    {
      "file_path": "images/0047.jpg",
      "sharpness": 42.58361296925902,
      "transform_matrix": [
        [
          -0.9067933354126543,
          -0.2888823261957733,
          -0.3070388384374364,
          -0.44641787437314423
        ],
        [
          0.0851206815252927,
          -0.8387749728805161,
          0.5377834269667524,
          1.0457010641603186
        ],
        [
          -0.412892620755316,
          0.46152307228630024,
          0.785185415805378,
          3.5254778589583204
        ],
        [
          0.0,
          0.0,
          0.0,
          1.0
        ]
      ]
    },
    {
      "file_path": "images/0064.jpg",
      "sharpness": 32.33920108981664,
      "transform_matrix": [
        [
          -0.7976301227017627,
          0.450930820676001,
          -0.4005590869888449,
          -2.964370223769778
        ],
        [
          -0.3587219195195963,
          0.17922020632514285,
          0.9160778907795419,
          2.7860116243687494
        ],
        [
          0.4848760373079106,
          0.8743806449925134,
          0.018807334401682863,
          0.457533448291566
        ],
        [
          0.0,
          0.0,
          0.0,
          1.0
        ]
      ]
    },
    {
      "file_path": "images/0038.jpg",
      "sharpness": 49.97350026071227,
      "transform_matrix": [
        [
          -0.8674916486877857,
          -0.49744524451058003,
          -0.0025432296109985097,
          1.4019390591821073
        ],
        [
          0.45367682454947533,
          -0.7932405800697864,
          0.4061363328629912,
          1.2581414698523836
        ],
        [
          -0.20404798033754015,
          0.3511660726533097,
          0.9138089575275918,
          3.704058796326893
        ],
        [
          0.0,
          0.0,
          0.0,
          1.0
        ]
      ]
    },
    {
      "file_path": "images/0045.jpg",
      "sharpness": 42.27832041609137,
      "transform_matrix": [
        [
          -0.8967545792913927,
          -0.364601432808206,
          -0.25079278211347755,
          -0.0636447926649479
        ],
        [
          0.18957221184923193,
          -0.8286007744877842,
          0.526766677844166,
          0.872614041742409
        ],
        [
          -0.3998669789927751,
          0.4248370881537952,
          0.8121698389871657,
          3.698867302576818
        ],
        [
          0.0,
          0.0,
          0.0,
          1.0
        ]
      ]
    },
    {
      "file_path": "images/0075.jpg",
      "sharpness": 52.047401461694754,
      "transform_matrix": [
        [
          -0.9709075873978299,
          0.23445496658669096,
          -0.048675714912640444,
          -1.4400819952273611
        ],
        [
          0.0763006858585083,
          0.49559587839253055,
          0.8651953135171286,
          2.510969664501519
        ],
        [
          0.22697282201013438,
          0.8363107040423367,
          -0.49906687336789846,
          -1.2975677090353213
        ],
        [
          0.0,
          0.0,
          0.0,
          1.0
        ]
      ]
    },
    {
      "file_path": "images/0043.jpg",
      "sharpness": 40.928619288342695,
      "transform_matrix": [
        [
          -0.8805595729187812,
          -0.4397242778185608,
          -0.17679761843457187,
          0.3302353086895129
        ],
        [
          0.3156591078889603,
          -0.822408822033997,
          0.47328961209976217,
          0.7246789016926253
        ],
        [
          -0.3535168539947875,
          0.3609519201855124,
          0.8629829343482186,
          3.751871206370824
        ],
        [
          0.0,
          0.0,
          0.0,
          1.0
        ]
      ]
    },
    {
      "file_path": "images/0044.jpg",
      "sharpness": 41.20848954903975,
      "transform_matrix": [
        [
          -0.8868198321249038,
          -0.41038748753168763,
          -0.21244456988467308,
          0.11893298550016186
        ],
        [
          0.26075769062500675,
          -0.8239337156622997,
          0.5031288690275826,
          0.7789329672267548
        ],
        [
          -0.3815180363022473,
          0.3907881037392835,
          0.8376924529158505,
          3.7578407266375025
        ],
        [
          0.0,
          0.0,
          0.0,
          1.0
        ]
      ]
    },
    {
      "file_path": "images/0063.jpg",
      "sharpness": 32.174484996257824,
      "transform_matrix": [
        [
          -0.8101248638779127,
          0.4349285873040201,
          -0.3931091816768217,
          -3.0018494626021344
        ],
        [
          -0.4079512157075905,
          0.06335211120653661,
          0.9108031156526192,
          2.882604766930937
        ],
        [
          0.4210386089967945,
          0.8982336186585324,
          0.1261065254690859,
          0.7161312205507426
        ],
        [
          0.0,
          0.0,
          0.0,
          1.0
        ]
      ]
    },
    {
      "file_path": "images/0035.jpg",
      "sharpness": 36.644208114176124,
      "transform_matrix": [
        [
          -0.8641102343589769,
          -0.4987753911777354,
          0.06735437534168709,
          1.8448625522897013
        ],
        [
          0.4639568667644941,
          -0.7375219196345644,
          0.49071931255531964,
          1.9983086060777557
        ],
        [
          -0.195083388880461,
          0.45528510512306214,
          0.8687105065303629,
          3.480893405821064
        ],
        [
          0.0,
          0.0,
          0.0,
          1.0
        ]
      ]
    },
    {
      "file_path": "images/0034.jpg",
      "sharpness": 52.25292550729206,
      "transform_matrix": [
        [
          -0.8803339093859431,
          -0.4699558641429794,
          0.06444915506804665,
          1.9607141457585482
        ],
        [
          0.4254182723401826,
          -0.7220915980460745,
          0.545530033512826,
          2.3411252977979613
        ],
        [
          -0.20983684493966392,
          0.5076664352926238,
          0.8356095312424876,
          3.4176888297114987
        ],
        [
          0.0,
          0.0,
          0.0,
          1.0
        ]
      ]
    },
    {
      "file_path": "images/0033.jpg",
      "sharpness": 46.74914110488066,
      "transform_matrix": [
        [
          -0.8906571363071901,
          -0.449319809926347,
          0.06958141848887925,
          2.03893556147606
        ],
        [
          0.3988382206149951,
          -0.6985972527909183,
          0.5940454124423417,
          2.603895962972605
        ],
        [
          -0.21830698400458498,
          0.5568425150202915,
          0.8014165420809215,
          3.342690510712307
        ],
        [
          0.0,
          0.0,
          0.0,
          1.0
        ]
      ]
    },
    {
      "file_path": "images/0027.jpg",
      "sharpness": 60.569322596297425,
      "transform_matrix": [
        [
          -0.9147554101775438,
          -0.35425352372958163,
          0.19423434382772292,
          2.4721032114164223
        ],
        [
          0.36707506978123927,
          -0.5279571706584562,
          0.7658440565608386,
          3.489778014303541
        ],
        [
          -0.16875554105204787,
          0.7718585794058188,
          0.6129893151451375,
          2.3135456582057574
        ],
        [
          0.0,
          0.0,
          0.0,
          1.0
        ]
      ]
    },
    {
      "file_path": "images/0022.jpg",
      "sharpness": 58.29924065325702,
      "transform_matrix": [
        [
          -0.9447581995633002,
          -0.14846714647590786,
          0.29221473375124385,
          2.780378889419852
        ],
        [
          0.3277609269851057,
          -0.43384075689544993,
          0.839258584866662,
          3.8495368544943305
        ],
        [
          0.002172334016080135,
          0.8886730016196843,
          0.4585363419375017,
          0.4893390365627342
        ],
        [
          0.0,
          0.0,
          0.0,
          1.0
        ]
      ]
    },
    {
      "file_path": "images/0030.jpg",
      "sharpness": 60.7265213828486,
      "transform_matrix": [
        [
          -0.8985480438636952,
          -0.4229498032646265,
          0.11715321862090683,
          2.23284139466682
        ],
        [
          0.37851513960065264,
          -0.6117445662544984,
          0.694618510137283,
          3.191764037080835
        ],
        [
          -0.22212091729596695,
          0.6684923704163286,
          0.7097747871790029,
          3.021187789340217
        ],
        [
          0.0,
          0.0,
          0.0,
          1.0
        ]
      ]
    },
    {
      "file_path": "images/0003.jpg",
      "sharpness": 47.25959724178004,
      "transform_matrix": [
        [
          -0.2953350856378035,
          0.525542267431889,
          -0.7978612111012522,
          -4.236994286887501
        ],
        [
          -0.3818450761059876,
          0.7005823814273454,
          0.6028089785009402,
          3.5082097838410293
        ],
        [
          0.8757691047115063,
          0.4826900161637853,
          -0.006230830510738403,
          -0.9753742441457466
        ],
        [
          0.0,
          0.0,
          0.0,
          1.0
        ]
      ]
    },
    {
      "file_path": "images/0006.jpg",
      "sharpness": 39.499690875486706,
      "transform_matrix": [
        [
          -0.7953819181170454,
          0.43861717015717355,
          -0.4183091945222575,
          -1.2105169420282935
        ],
        [
          -0.17827837346008807,
          0.4903246711043771,
          0.8531110937837783,
          4.217667114363808
        ],
        [
          0.5792964920091946,
          0.7531246209435001,
          -0.31179942173582154,
          -2.8394727848835575
        ],
        [
          0.0,
          0.0,
          0.0,
          1.0
        ]
      ]
    },
    {
      "file_path": "images/0009.jpg",
      "sharpness": 37.63759723704612,
      "transform_matrix": [
        [
          -0.885527823811168,
          0.43240257195222587,
          -0.16990729493301554,
          0.36626309592450673
        ],
        [
          -0.049116275946680055,
          0.27653477369605345,
          0.9597479409970865,
          4.246518430401026
        ],
        [
          0.46198275346660334,
          0.8582287191816833,
          -0.22364123231512034,
          -2.772394262571521
        ],
        [
          0.0,
          0.0,
          0.0,
          1.0
        ]
      ]
    },
    {
      "file_path": "images/0010.jpg",
      "sharpness": 35.48609036947262,
      "transform_matrix": [
        [
          -0.9057497227513512,
          0.406949000013194,
          -0.11836363871649547,
          0.7219249175255305
        ],
        [
          -0.032484115888572196,
          0.2118003053997333,
          0.9767729586355586,
          4.25041893456807
        ],
        [
          0.4225662335850469,
          0.8885567746322339,
          -0.17861868941729264,
          -2.612461036839609
        ],
        [
          0.0,
          0.0,
          0.0,
          1.0
        ]
      ]
    },
    {
      "file_path": "images/0013.jpg",
      "sharpness": 28.8807354198703,
      "transform_matrix": [
        [
          -0.9480094285115331,
          0.3091414180055919,
          0.07556260300456791,
          1.5424824107500155
        ],
        [
          0.0805875048252156,
          0.0034978798519843812,
          0.9967414001518808,
          4.149063512176253
        ],
        [
          0.30786974092121805,
          0.9510096467660066,
          -0.028228958594681497,
          -1.9923382385995567
        ],
        [
          0.0,
          0.0,
          0.0,
          1.0
        ]
      ]
    },
    {
      "file_path": "images/0016.jpg",
      "sharpness": 44.09157668413493,
      "transform_matrix": [
        [
          -0.9608171618022983,
          0.15642209436436527,
          0.22882855990225326,
          2.1077179711100684
        ],
        [
          0.20051652641699336,
          -0.17773306003110997,
          0.9634334859655782,
          4.22198126021641
        ],
        [
          0.19137268382943684,
          0.971567335547344,
          0.13940375928071508,
          -1.2952687738026136
        ],
        [
          0.0,
          0.0,
          0.0,
          1.0
        ]
      ]
    },
    {
      "file_path": "images/0011.jpg",
      "sharpness": 31.952834477043407,
      "transform_matrix": [
        [
          -0.9224797471210002,
          0.38193731971767364,
          -0.05616938494013074,
          1.0362587815767759
        ],
        [
          -0.0013977323235682682,
          0.14219401660595568,
          0.9898378189683207,
          4.222176584487964
        ],
        [
          0.38604295398687144,
          0.9131838506976246,
          -0.13063725434343482,
          -2.428580467709453
        ],
        [
          0.0,
          0.0,
          0.0,
          1.0
        ]
      ]
    },
    {
      "file_path": "images/0007.jpg",
      "sharpness": 32.74868086779559,
      "transform_matrix": [
        [
          -0.8491619015033001,
          0.45103232627137413,
          -0.2747615430507513,
          -0.32401493601001197
        ],
        [
          -0.08631712838304256,
          0.39473072237680856,
          0.9147332999479867,
          4.201097837477586
        ],
        [
          0.5210311105632207,
          0.8004732957384557,
          -0.2962584755835936,
          -2.9157265738517872
        ],
        [
          0.0,
          0.0,
          0.0,
          1.0
        ]
      ]
    },
    {
      "file_path": "images/0012.jpg",
      "sharpness": 31.297930178421126,
      "transform_matrix": [
        [
          -0.9370026037152801,
          0.3490984572899366,
          0.012505502575675564,
          1.3185603294986452
        ],
        [
          0.0382051922667524,
          0.06682919646267096,
          0.9970327084194176,
          4.172873376455907
        ],
        [
          0.3472268476883318,
          0.9347000189085877,
          -0.07595650477051136,
          -2.2117679517438478
        ],
        [
          0.0,
          0.0,
          0.0,
          1.0
        ]
      ]
    },
    {
      "file_path": "images/0014.jpg",
      "sharpness": 31.330150793004695,
      "transform_matrix": [
        [
          -0.9566275764003584,
          0.25909367247213555,
          0.1331696241692366,
          1.7464935798218846
        ],
        [
          0.1219419664616771,
          -0.05900937982838833,
          0.9907815348409925,
          4.160088225478766
        ],
        [
          0.2645634834137378,
          0.9640479042613255,
          0.024855608091089276,
          -1.7825770883897119
        ],
        [
          0.0,
          0.0,
          0.0,
          1.0
        ]
      ]
    },
    {
      "file_path": "images/0008.jpg",
      "sharpness": 38.63493584189685,
      "transform_matrix": [
        [
          -0.8679872319176594,
          0.44840896360235777,
          -0.2133718970133514,
          0.058965236973936366
        ],
        [
          -0.06094308631484335,
          0.33024089459322703,
          0.9419272220521243,
          4.221917176454162
        ],
        [
          0.49283273557998386,
          0.8305843440737604,
          -0.25931745379081844,
          -2.8726986652275883
        ],
        [
          0.0,
          0.0,
          0.0,
          1.0
        ]
      ]
    },
    {
      "file_path": "images/0005.jpg",
      "sharpness": 41.112925116511015,
      "transform_matrix": [
        [
          -0.6401782234345846,
          0.4809051450683493,
          -0.5990843709637454,
          -2.4914567970522015
        ],
        [
          -0.2956706212925818,
          0.5655194232718759,
          0.7699134142751695,
          4.144339629363677
        ],
        [
          0.7090491701406803,
          0.6700134499186597,
          -0.2198436966827823,
          -2.465929423712735
        ],
        [
          0.0,
          0.0,
          0.0,
          1.0
        ]
      ]
    },
    {
      "file_path": "images/0004.jpg",
      "sharpness": 45.95398770346703,
      "transform_matrix": [
        [
          -0.4722699692593185,
          0.4947352259492437,
          -0.729519110227313,
          -3.448175127058216
        ],
        [
          -0.3659672262443667,
          0.6428726579130675,
          0.6728913247300323,
          3.892361858450304
        ],
        [
          0.8018909309698072,
          0.5847664505072625,
          -0.12255257202423585,
          -1.7819889252611858
        ],
        [
          0.0,
          0.0,
          0.0,
          1.0
        ]
      ]
    },
    {
      "file_path": "images/0001.jpg",
      "sharpness": 56.65345547376511,
      "transform_matrix": [
        [
          -0.1240881355491224,
          0.5523725283746784,
          -0.8243098473019748,
          -4.927952355618174
        ],
        [
          -0.39857129713265893,
          0.7330214409931592,
          0.5511991364474793,
          3.3210023749699356
        ],
        [
          0.9087040527315782,
          0.39694351823642626,
          0.12920057120436998,
          -0.24847156913477228
        ],
        [
          0.0,
          0.0,
          0.0,
          1.0
        ]
      ]
    },
    {
      "file_path": "images/0015.jpg",
      "sharpness": 40.462395785818735,
      "transform_matrix": [
        [
          -0.9580493156499408,
          0.21442685407893147,
          0.19016475193523802,
          1.924579434964227
        ],
        [
          0.16602054527622007,
          -0.1256440936062166,
          0.9780852417668942,
          4.172771748419954
        ],
        [
          0.23362081930586007,
          0.9686251523306852,
          0.08477397465884429,
          -1.543446935664756
        ],
        [
          0.0,
          0.0,
          0.0,
          1.0
        ]
      ]
    },
    {
      "file_path": "images/0017.jpg",
      "sharpness": 47.2784524237457,
      "transform_matrix": [
        [
          -0.963440382892276,
          0.11082675294172128,
          0.24392633988742762,
          2.2700726853261113
        ],
        [
          0.2165980006158007,
          -0.21368527528097703,
          0.9525880059771255,
          4.256880373804688
        ],
        [
          0.1576957026808,
          0.9705957107343385,
          0.181868170333228,
          -1.0473904152897717
        ],
        [
          0.0,
          0.0,
          0.0,
          1.0
        ]
      ]
    },
    {
      "file_path": "images/0023.jpg",
      "sharpness": 59.55498354525305,
      "transform_matrix": [
        [
          -0.9383094007766026,
          -0.1965134968603816,
          0.2845310419129259,
          2.794257023947572
        ],
        [
          0.34466460681652356,
          -0.46495572693697196,
          0.815489105182079,
          3.7624057704893366
        ],
        [
          -0.027960278282115614,
          0.8632488733112589,
          0.5040035766594033,
          0.8701260996851417
        ],
        [
          0.0,
          0.0,
          0.0,
          1.0
        ]
      ]
    },
    {
      "file_path": "images/0002.jpg",
      "sharpness": 59.796167931003325,
      "transform_matrix": [
        [
          -0.15527222288013542,
          0.5548949414926202,
          -0.8173017438827966,
          -4.761074522390991
        ],
        [
          -0.3948192475131851,
          0.72352829419844,
          0.5662372022055444,
          3.3437730499550162
        ],
        [
          0.9055430957857209,
          0.4106073685749032,
          0.10673935669212481,
          -0.4654943629653843
        ],
        [
          0.0,
          0.0,
          0.0,
          1.0
        ]
      ]
    },
    {
      "file_path": "images/0025.jpg",
      "sharpness": 52.82371145566882,
      "transform_matrix": [
        [
          -0.9245303221019346,
          -0.284006144330314,
          0.25413420340996873,
          2.701949330683783
        ],
        [
          0.3688347497958935,
          -0.4989131368610382,
          0.7842490733718622,
          3.5831720730011933
        ],
        [
          -0.09594066291601552,
          0.8187955737419261,
          0.5660116583075901,
          1.5724269182723147
        ],
        [
          0.0,
          0.0,
          0.0,
          1.0
        ]
      ]
    },
    {
      "file_path": "images/0032.jpg",
      "sharpness": 53.701050345421244,
      "transform_matrix": [
        [
          -0.9011975847653316,
          -0.4272789109394671,
          0.07263363770054167,
          2.1064172277154003
        ],
        [
          0.36899503860969235,
          -0.668502024211967,
          0.6457148790140115,
          2.8480319448946783
        ],
        [
          -0.2273446164538258,
          0.6087181413621394,
          0.7601162078697757,
          3.268372839725426
        ],
        [
          0.0,
          0.0,
          0.0,
          1.0
        ]
      ]
    },
    {
      "file_path": "images/0021.jpg",
      "sharpness": 52.989328220142426,
      "transform_matrix": [
        [
          -0.953633837046489,
          -0.09328417700427388,
          0.28614780622385294,
          2.745510173595032
        ],
        [
          0.2992099131573918,
          -0.3964982596604687,
          0.8679069983752352,
          3.957794462818204
        ],
        [
          0.032495117113735095,
          0.9132837413104933,
          0.40602570724267556,
          0.1099425575779175
        ],
        [
          0.0,
          0.0,
          0.0,
          1.0
        ]
      ]
    },
    {
      "file_path": "images/0082.jpg",
      "sharpness": 50.976472116727294,
      "transform_matrix": [
        [
          -0.8949402208153073,
          -0.011703561169633697,
          0.44603254104279777,
          0.12154087254565553
        ],
        [
          0.38888074407670437,
          0.4696493618866254,
          0.7925914733581099,
          2.0925088847455156
        ],
        [
          -0.21875504107239677,
          0.8827754546265831,
          -0.4157568140565904,
          -1.3440113718968913
        ],
        [
          0.0,
          0.0,
          0.0,
          1.0
        ]
      ]
    },
    {
      "file_path": "images/0029.jpg",
      "sharpness": 62.3386922764263,
      "transform_matrix": [
        [
          -0.903623585195511,
          -0.39593961133276717,
          0.1633898414901178,
          2.3186190035796788
        ],
        [
          0.3800337571366541,
          -0.5651541723651036,
          0.7322397863876685,
          3.309240757637881
        ],
        [
          -0.197582285784509,
          0.7237627963378721,
          0.6611570575147748,
          2.812124650938605
        ],
        [
          0.0,
          0.0,
          0.0,
          1.0
        ]
      ]
    },
    {
      "file_path": "images/0046.jpg",
      "sharpness": 43.27414348598785,
      "transform_matrix": [
        [
          -0.8995344513903858,
          -0.33393087637912217,
          -0.28165216208750565,
          -0.25723410777024985
        ],
        [
          0.14081818132112134,
          -0.8319696592583532,
          0.5366532639955677,
          0.9723195356246911
        ],
        [
          -0.413531148079077,
          0.44307635418478875,
          0.7954089097130852,
          3.6459220117947577
        ],
        [
          0.0,
          0.0,
          0.0,
          1.0
        ]
      ]
    },
    {
      "file_path": "images/0019.jpg",
      "sharpness": 50.601912606062186,
      "transform_matrix": [
        [
          -0.9593781264550145,
          0.012153767299577567,
          0.28186148418361745,
          2.5549165607249917
        ],
        [
          0.2625593524347505,
          -0.32709637409315573,
          0.9077833157633486,
          4.171209408532164
        ],
        [
          0.10322885665120315,
          0.9449128254677104,
          0.31061802127590055,
          -0.5288844903575503
        ],
        [
          0.0,
          0.0,
          0.0,
          1.0
        ]
      ]
    },
    {
      "file_path": "images/0074.jpg",
      "sharpness": 57.44550093118172,
      "transform_matrix": [
        [
          -0.9598408755419784,
          0.2642405109524144,
          -0.09424672862499112,
          -1.62298415256656
        ],
        [
          0.04779359381628828,
          0.4850458533332489,
          0.8731817064211145,
          2.5344137233625506
        ],
        [
          0.2764439651687925,
          0.8336111037320645,
          -0.47819584019165984,
          -1.198191229726087
        ],
        [
          0.0,
          0.0,
          0.0,
          1.0
        ]
      ]
    },
    {
      "file_path": "images/0024.jpg",
      "sharpness": 63.7540054066373,
      "transform_matrix": [
        [
          -0.9348951538361305,
          -0.23264781414523417,
          0.26804112698102905,
          2.7635983136903195
        ],
        [
          0.3503526318897892,
          -0.48409938418072135,
          0.8018109624081534,
          3.697039797958404
        ],
        [
          -0.05678102325532097,
          0.8435180973405751,
          0.5340909422348008,
          1.1938843279662692
        ],
        [
          0.0,
          0.0,
          0.0,
          1.0
        ]
      ]
    },
    {
      "file_path": "images/0088.jpg",
      "sharpness": 76.02889700430197,
      "transform_matrix": [
        [
          -0.6739476674158064,
          -0.1742698421877781,
          0.7179307512112421,
          1.130815969941506
        ],
        [
          0.45753918339969374,
          0.664526399119978,
          0.5908151660212541,
          1.493701442659842
        ],
        [
          -0.5800452026645775,
          0.7266599526606269,
          -0.3681207353373449,
          -0.396129442985084
        ],
        [
          0.0,
          0.0,
          0.0,
          1.0
        ]
      ]
    },
    {
      "file_path": "images/0031.jpg",
      "sharpness": 65.6527411144534,
      "transform_matrix": [
        [
          -0.9045781195937952,
          -0.4159961034318572,
          0.09319692767340912,
          2.1686834263983767
        ],
        [
          0.3650269703385709,
          -0.6428846012584752,
          0.6733904515690133,
          3.0561750887050416
        ],
        [
          -0.22021293425509406,
          0.6431536605862023,
          0.7333891410305798,
          3.125970290922411
        ],
        [
          0.0,
          0.0,
          0.0,
          1.0
        ]
      ]
    },
    {
      "file_path": "images/0085.jpg",
      "sharpness": 51.77575700017145,
      "transform_matrix": [
        [
          -0.7708661794056562,
          -0.1483989251301132,
          0.6194700092134011,
          0.702560100040815
        ],
        [
          0.4450103396942835,
          0.5703588752380925,
          0.6904031799437641,
          1.7535972104982782
        ],
        [
          -0.45577530750875306,
          0.8078790208032418,
          -0.3736313109624774,
          -0.8526935583749158
        ],
        [
          0.0,
          0.0,
          0.0,
          1.0
        ]
      ]
    },
    {
      "file_path": "images/0020.jpg",
      "sharpness": 52.893484003929345,
      "transform_matrix": [
        [
          -0.9552039381398223,
          -0.049690093971187455,
          0.29174703249460276,
          2.6715635348784974
        ],
        [
          0.289042796350666,
          -0.3683513828653975,
          0.8836127661442433,
          4.067173072765984
        ],
        [
          0.06355862148241456,
          0.9283577721108517,
          0.3662132552446365,
          -0.22426122016404476
        ],
        [
          0.0,
          0.0,
          0.0,
          1.0
        ]
      ]
    },
    {
      "file_path": "images/0092.jpg",
      "sharpness": 57.08631887874573,
      "transform_matrix": [
        [
          -0.6819794227540232,
          -0.16839498813704148,
          0.7117212900823697,
          1.230559176105444
        ],
        [
          0.36715732779405186,
          0.762796655774211,
          0.53229386475983,
          1.4553039721688328
        ],
        [
          -0.6325342389597902,
          0.624327149625195,
          -0.4583841691252887,
          0.3109961416474756
        ],
        [
          0.0,
          0.0,
          0.0,
          1.0
        ]
      ]
    },
    {
      "file_path": "images/0018.jpg",
      "sharpness": 47.315103110439345,
      "transform_matrix": [
        [
          -0.9623640885192035,
          0.06429556791703944,
          0.2640481791660862,
          2.417173151171962
        ],
        [
          0.23704117887509124,
          -0.27661234262102585,
          0.9312878670429248,
          4.248021604324427
        ],
        [
          0.13291666770972055,
          0.9588282909851079,
          0.2509610877641467,
          -0.7957663156987537
        ],
