{
  "camera_angle_x": 1.767612911983955,
  "camera_angle_y": 1.201024283457482,
  "fl_x": 262.49218021053844,
  "fl_y": 350.42178907953246,
  "k1": 0.0018217002219102062,
  "k2": -0.00043885309081807225,
  "p1": -0.0007578334333226062,
  "p2": -0.002688596487265155,
  "cx": 321.5289056246761,
  "cy": 240.87673067768395,
  "w": 640.0,
  "h": 480.0,
  "aabb_scale": 4,
  "black_transparent": true,
  "frames": [
    {
      "file_path": "./../latent-control-idea/instr/data/images/95.png",
      "sharpness": 469.44893714267954,
      "transform_matrix": [
        [
          -0.07914021533024063,
          0.06801043135430555,
          0.9945408022886691,
          5.300291107456837
        ],
        [
          0.9898047314325304,
          -0.11315526613436064,
          0.0865013258545464,
          0.026412888924758328
        ],
        [
          0.11842052164854201,
          0.9912469252625097,
          -0.05836191461363493,
          0.010186200270203463
        ],
        [
          0.0,
          0.0,
          0.0,
          1.0
        ]
      ]
    },
    {
      "file_path": "./../latent-control-idea/instr/data/images/96.png",
      "sharpness": 514.4513117650247,
      "transform_matrix": [
        [
          -0.12223902230245845,
          0.06614297101268177,
          0.9902942636836084,
          5.311215074524507
        ],
        [
          0.9883614954701241,
          -0.08291829691595322,
          0.12753866199460506,
          0.3083290054643137
        ],
        [
          0.09054929981358815,
          0.9943589207578007,
          -0.05523731419894007,
          -0.01724994261519047
        ],
        [
          0.0,
          0.0,
          0.0,
          1.0
        ]
      ]
    },
    {
      "file_path": "./../latent-control-idea/instr/data/images/90.png",
      "sharpness": 351.3010106338395,
      "transform_matrix": [
        [
          0.11711330428966922,
          0.05788413084337966,
          0.9914302301359221,
          4.858021347595042
        ],
        [
          0.9880351130111263,
          -0.10766943462586775,
          -0.11042603089486229,
          -1.0788289131435076
        ],
        [
          0.10035481752889538,
          0.992500236832683,
          -0.0698010770194253,
          0.38437348984734937
        ],
        [
          0.0,
          0.0,
          0.0,
          1.0
        ]
      ]
    },
    {
      "file_path": "./../latent-control-idea/instr/data/images/93.png",
      "sharpness": 364.440954886712,
      "transform_matrix": [
        [
          0.022542208707115628,
          0.03003828097295615,
          0.9992945263411084,
          5.120258543352729
        ],
        [
          0.9943770326932255,
          -0.10412383953541675,
          -0.01930137009062109,
          -0.4102121050860482
        ],
        [
          0.10347060293141666,
          0.9941106214025694,
          -0.032216558023286955,
          0.1508983621543623
        ],
        [
          0.0,
          0.0,
          0.0,
          1.0
        ]
      ]
    },
    {
      "file_path": "./../latent-control-idea/instr/data/images/122.png",
      "sharpness": 230.91393234073848,
      "transform_matrix": [
        [
          0.3956153570025778,
          -0.16730979399052687,
          0.9030481282916628,
          3.3369842950283912
        ],
        [
          0.8905574800098297,
          -0.17045780376385086,
          -0.42172445023889954,
          -1.6176509618411217
        ],
        [
          0.2244902315318918,
          0.9710569343969949,
          0.08156326362725631,
          -0.6914533466516314
        ],
        [
          0.0,
          0.0,
          0.0,
          1.0
        ]
      ]
    },
    {
      "file_path": "./../latent-control-idea/instr/data/images/121.png",
      "sharpness": 215.15796874983053,
      "transform_matrix": [
        [
          0.4306416674308532,
          -0.1375475192154036,
          0.8919800637360499,
          3.293871602447688
        ],
        [
          0.8616230139345529,
          -0.23149202758787427,
          -0.45168265742260716,
          -1.5923451574534033
        ],
        [
          0.26861410252332024,
          0.9630639236278603,
          0.01882399530820569,
          -0.9617212572019954
        ],
        [
          0.0,
          0.0,
          0.0,
          1.0
        ]
      ]
    },
    {
      "file_path": "./../latent-control-idea/instr/data/images/116.png",
      "sharpness": 233.77959767642548,
      "transform_matrix": [
        [
          0.2268092918981116,
          0.12700910322624956,
          0.9656221997649217,
          3.6327697865076662
        ],
        [
          0.9736959062693438,
          -0.051729447567921416,
          -0.2219016592173105,
          -0.7716166151637105
        ],
        [
          0.021767572211552982,
          0.9905517411119968,
          -0.13540096324350037,
          -1.6372136285929046
        ],
        [
          0.0,
          0.0,
          0.0,
          1.0
        ]
      ]
    },
    {
      "file_path": "./../latent-control-idea/instr/data/images/120.png",
      "sharpness": 223.10977808251903,
      "transform_matrix": [
        [
          0.42152768778199673,
          -0.07792116830470305,
          0.903461509880581,
          3.3351626872858327
        ],
        [
          0.8723347576820712,
          -0.2372799240360751,
          -0.4274696576178863,
          -1.5069436610717843
        ],
        [
          0.24768221357037903,
          0.9683111736693841,
          -0.0320467142646275,
          -1.1784591191095795
        ],
        [
          0.0,
          0.0,
          0.0,
          1.0
        ]
      ]
    },
    {
      "file_path": "./../latent-control-idea/instr/data/images/117.png",
      "sharpness": 232.27779685058601,
      "transform_matrix": [
        [
          0.3018324557808424,
          0.08148849630737343,
          0.9498719879433093,
          3.5608984762588096
        ],
        [
          0.9506586859768714,
          -0.10068999654879453,
          -0.2934443513964578,
          -0.9950039715675328
        ],
        [
          0.07173026824261862,
          0.9915750851214346,
          -0.1078592557526859,
          -1.5516897880952756
        ],
        [
          0.0,
          0.0,
          0.0,
          1.0
        ]
      ]
    },
    {
      "file_path": "./../latent-control-idea/instr/data/images/118.png",
      "sharpness": 234.91397203059722,
      "transform_matrix": [
        [
          0.35306503403474776,
          0.025812473276842572,
          0.935242641156764,
          3.4887278743004084
        ],
        [
          0.926576831252539,
          -0.14813277097811967,
          -0.34570516042301724,
          -1.1820743106538543
        ],
        [
          0.12961657875636098,
          0.9886305671260304,
          -0.0762177415226989,
          -1.4595274293227247
        ],
        [
          0.0,
          0.0,
          0.0,
          1.0
        ]
      ]
    },
    {
      "file_path": "./../latent-control-idea/instr/data/images/119.png",
      "sharpness": 242.17070344237223,
      "transform_matrix": [
        [
          0.388996735022439,
          -0.025743902601078117,
          0.9208793577300198,
          3.4029301616203
        ],
        [
          0.8998251856427022,
          -0.20365597942731645,
          -0.38579641952891836,
          -1.3811092063502033
        ],
        [
          0.19747449298110253,
          0.9787039866040437,
          -0.05605649912784036,
          -1.3378248149452767
        ],
        [
          0.0,
          0.0,
          0.0,
          1.0
        ]
      ]
    },
    {
      "file_path": "./../latent-control-idea/instr/data/images/110.png",
      "sharpness": 618.9736274261052,
      "transform_matrix": [
        [
          -0.18978468955338332,
          0.2527565565759147,
          0.948733837591723,
          4.047556449932807
        ],
        [
          0.9740546958997353,
          0.1698056088767381,
          0.14961117800629342,
          0.8560565960718749
        ],
        [
          -0.12328512077608998,
          0.9525125606368346,
          -0.27842521561731176,
          -1.4511296996947933
        ],
        [
          0.0,
          0.0,
          0.0,
          1.0
        ]
      ]
    },
    {
      "file_path": "./../latent-control-idea/instr/data/images/115.png",
      "sharpness": 266.0336576364729,
      "transform_matrix": [
        [
          0.14638867903993347,
          0.16356540938916372,
          0.975610942626621,
          3.732563413243581
        ],
        [
          0.9889710432519747,
          -0.0017582354591466828,
          -0.1480985624910902,
          -0.5497954389144415
        ],
        [
          -0.02250844825014421,
          0.9865309246682753,
          -0.1620188393298431,
          -1.68326048501908
        ],
        [
          0.0,
          0.0,
          0.0,
          1.0
        ]
      ]
    },
    {
      "file_path": "./../latent-control-idea/instr/data/images/114.png",
      "sharpness": 343.99526901546045,
      "transform_matrix": [
        [
          0.07031053733564631,
          0.2141091213780336,
          0.9742759939333436,
          3.8643477738117173
        ],
        [
          0.9962373023405477,
          0.03454192664389784,
          -0.07948643106663968,
          -0.2965458056185768
        ],
        [
          -0.0506721398305101,
          0.9761988216104984,
          -0.21087483206521612,
          -1.7090878859760874
        ],
        [
          0.0,
          0.0,
          0.0,
          1.0
        ]
      ]
    },
    {
      "file_path": "./../latent-control-idea/instr/data/images/111.png",
      "sharpness": 609.3800930099384,
      "transform_matrix": [
        [
          -0.1276160567791143,
          0.25352086486530745,
          0.958875024704785,
          4.0475204416980395
        ],
        [
          0.9856817380907856,
          0.1398425922828276,
          0.09421019357109305,
          0.6557846980380783
        ],
        [
          -0.11020731937670594,
          0.9571683343747972,
          -0.2677370469196193,
          -1.5316054075224026
        ],
        [
          0.0,
          0.0,
          0.0,
          1.0
        ]
      ]
    },
    {
      "file_path": "./../latent-control-idea/instr/data/images/112.png",
      "sharpness": 537.6806121317121,
      "transform_matrix": [
        [
          -0.07483123355197803,
          0.2520500145047047,
          0.9648166025446353,
          4.000392233352567
        ],
        [
          0.9928347582907222,
          0.10922333517307149,
          0.04847066925709325,
          0.371423013886815
        ],
        [
          -0.09316345427097365,
          0.961530578353877,
          -0.25841733213161344,
          -1.6441759149298976
        ],
        [
          0.0,
          0.0,
          0.0,
          1.0
        ]
      ]
    },
    {
      "file_path": "./../latent-control-idea/instr/data/images/10.png",
      "sharpness": 231.4031925580236,
      "transform_matrix": [
        [
          0.25202870846826136,
          0.04783907039465022,
          0.9665365762991596,
          3.7020185197973303
        ],
        [
          0.9652700697004392,
          -0.08344886790476641,
          -0.24756812997774685,
          -0.6948751437031301
        ],
        [
          0.06881295388323647,
          0.9953631044285074,
          -0.06720913321542497,
          0.0964678183865178
        ],
        [
          0.0,
          0.0,
          0.0,
          1.0
        ]
      ]
    },
    {
      "file_path": "./../latent-control-idea/instr/data/images/98.png",
      "sharpness": 632.0109286913446,
      "transform_matrix": [
        [
          -0.2269563902829036,
          0.0783866416226771,
          0.9707452452612775,
          5.152175987853408
        ],
        [
          0.9736249023434829,
          -0.005638800892359335,
          0.22808496981584755,
          1.0365520666546475
        ],
        [
          0.023352653943706836,
          0.9969070860451013,
          -0.0750394243988585,
          -0.025377738915668583
        ],
        [
          0.0,
          0.0,
          0.0,
          1.0
        ]
      ]
    },
    {
      "file_path": "./../latent-control-idea/instr/data/images/11.png",
      "sharpness": 219.9060680429141,
      "transform_matrix": [
        [
          0.22957066672698004,
          0.1263476239383997,
          0.9650562609382709,
          3.612289599507359
        ],
        [
          0.9713434906996856,
          -0.09245190176546005,
          -0.21896225457839869,
          -0.742941037035804
        ],
        [
          0.06155592603623172,
          0.9876684279929725,
          -0.14395118680641006,
          -0.14664817654588813
        ],
        [
          0.0,
          0.0,
          0.0,
          1.0
        ]
      ]
    },
    {
      "file_path": "./../latent-control-idea/instr/data/images/94.png",
      "sharpness": 447.3743028701676,
      "transform_matrix": [
        [
          -0.028217807595460793,
          0.06287945102803175,
          0.997622137808411,
          5.221916004335721
        ],
        [
          0.9922282379643834,
          -0.1192356731861126,
          0.035580584884257034,
          -0.18038867477063714
        ],
        [
          0.12118943483173303,
          0.9908728620502988,
          -0.05902619761323073,
          0.05392821821075952
        ],
        [
          0.0,
          0.0,
          0.0,
          1.0
        ]
      ]
    },
    {
      "file_path": "./../latent-control-idea/instr/data/images/101.png",
      "sharpness": 602.3423919148339,
      "transform_matrix": [
        [
          -0.3103892573438917,
          0.0346039794908093,
          0.9499795120956096,
          4.579393611249279
        ],
        [
          0.9492013195821866,
          0.06565727314478989,
          0.30774336285512705,
          1.3566074558078882
        ],
        [
          -0.05172391929094414,
          0.997242040306309,
          -0.0532254552461074,
          -0.2788189076993144
        ],
        [
          0.0,
          0.0,
          0.0,
          1.0
        ]
      ]
    },
    {
      "file_path": "./../latent-control-idea/instr/data/images/97.png",
      "sharpness": 562.7631850306087,
      "transform_matrix": [
        [
          -0.20679678423613998,
          0.04898126058563581,
          0.9771570631242137,
          5.184737227329678
        ],
        [
          0.9775264890519932,
          -0.03146024542254587,
          0.208451951668467,
          0.8004417582839598
        ],
        [
          0.04095184038651939,
          0.9983041064409557,
          -0.041374602104954986,
          -0.01599136195725489
        ],
        [
          0.0,
          0.0,
          0.0,
          1.0
        ]
      ]
    },
    {
      "file_path": "./../latent-control-idea/instr/data/images/100.png",
      "sharpness": 599.0453172405558,
      "transform_matrix": [
        [
          -0.2898824586328578,
          0.020180025642024844,
          0.9568494796019706,
          4.839107446313821
        ],
        [
          0.956806289348109,
          0.029231841826088973,
          0.28925287221065527,
          1.190225310717612
        ],
        [
          -0.022133342260859997,
          0.999368933805671,
          -0.027782173632408876,
          -0.11520617482741141
        ],
        [
          0.0,
          0.0,
          0.0,
          1.0
        ]
      ]
    },
    {
      "file_path": "./../latent-control-idea/instr/data/images/99.png",
      "sharpness": 591.6169610252273,
      "transform_matrix": [
        [
          -0.24674123528436914,
          0.057966035760750684,
          0.9673462158819004,
          5.10089064118915
        ],
        [
          0.9690430241914895,
          0.023641967418584584,
          0.2457573491009926,
          1.1475727892605128
        ],
        [
          -0.008624388431915587,
          0.998038574375781,
          -0.062005030839404236,
          -0.07357045878009018
        ],
        [
          0.0,
          0.0,
          0.0,
          1.0
        ]
      ]
    },
    {
      "file_path": "./../latent-control-idea/instr/data/images/102.png",
      "sharpness": 637.7338714843324,
      "transform_matrix": [
        [
          -0.33070033332233606,
          0.06727966704235554,
          0.9413345504206625,
          4.527632712515659
        ],
        [
          0.9395586663404326,
          0.11721526638830669,
          0.3216987625479181,
          1.4609065081127697
        ],
        [
          -0.08869499445591314,
          0.9908249227773881,
          -0.10197632190322332,
          -0.4270773575195757
        ],
        [
          0.0,
          0.0,
          0.0,
          1.0
        ]
      ]
    },
    {
      "file_path": "./../latent-control-idea/instr/data/images/103.png",
      "sharpness": 673.6788104308979,
      "transform_matrix": [
        [
          -0.36405617839344856,
          0.055769506907416985,
          0.9297057926814087,
          4.429815294642594
        ],
        [
          0.9246100922162597,
          0.14175013130296474,
          0.35355774300980586,
          1.5135222886260626
        ],
        [
          -0.11206817719476049,
          0.988330239466711,
          -0.10317006001344899,
          -0.557780604210679
        ],
        [
          0.0,
          0.0,
          0.0,
          1.0
        ]
      ]
    },
    {
      "file_path": "./../latent-control-idea/instr/data/images/104.png",
      "sharpness": 635.5169819765615,
      "transform_matrix": [
        [
          -0.3847245101585719,
          0.04069469390539918,
          0.9221339344388634,
          4.2370933260520625
        ],
        [
          0.9159071776827132,
          0.1407147261798087,
          0.3759167563439868,
          1.4278967259416382
        ],
        [
          -0.11446000675234533,
          0.9892134792821949,
          -0.09140896634318038,
          -0.6237415775010576
        ],
        [
          0.0,
          0.0,
          0.0,
          1.0
        ]
      ]
    },
    {
      "file_path": "./../latent-control-idea/instr/data/images/105.png",
      "sharpness": 671.0450078798825,
      "transform_matrix": [
        [
          -0.3869199559074675,
          0.07064591137128153,
          0.9194031231182488,
          4.140574724512144
        ],
        [
          0.9127126343058055,
          0.1713493879919812,
          0.3709380465901099,
          1.3823089393702575
        ],
        [
          -0.13133390610058693,
          0.9826741791212893,
          -0.1307779135172455,
          -0.7609499026161537
        ],
        [
          0.0,
          0.0,
          0.0,
          1.0
        ]
      ]
    },
    {
      "file_path": "./../latent-control-idea/instr/data/images/107.png",
      "sharpness": 646.7417096110026,
      "transform_matrix": [
        [
          -0.33226254133937705,
          0.12374117555740106,
          0.9350346116411288,
          4.052432986353619
        ],
        [
          0.9313675809903841,
          0.19949577084057973,
          0.3045584779506223,
          1.2472250723220761
        ],
        [
          -0.14884902652438636,
          0.9720542982568076,
          -0.18153349115375203,
          -1.0240275545098578
        ],
        [
          0.0,
          0.0,
          0.0,
          1.0
        ]
      ]
    },
    {
      "file_path": "./../latent-control-idea/instr/data/images/125.png",
      "sharpness": 222.46514884286452,
      "transform_matrix": [
        [
          0.3434527418279635,
          -0.1895669131035049,
          0.9198394422179166,
          3.459329278828451
        ],
        [
          0.9349385143529416,
          -0.0238559183522937,
          -0.3540068778058405,
          -1.386763371033229
        ],
        [
          0.08905160567383286,
          0.9815779543588302,
          0.16904002754054478,
          0.3855262965268128
        ],
        [
          0.0,
          0.0,
          0.0,
          1.0
        ]
      ]
    },
    {
      "file_path": "./../latent-control-idea/instr/data/images/127.png",
      "sharpness": 210.41591523738438,
      "transform_matrix": [
        [
          0.2288455137145632,
          -0.16261860498246453,
          0.9597837881725134,
          3.783746669424595
        ],
        [
          0.9713844862778156,
          -0.02624401695680327,
          -0.23605811019219716,
          -1.3029087042740672
        ],
        [
          0.0635760225859163,
          0.986339921505155,
          0.151959364517693,
          0.7300053258369671
        ],
        [
          0.0,
          0.0,
          0.0,
          1.0
        ]
      ]
    },
    {
      "file_path": "./../latent-control-idea/instr/data/images/123.png",
      "sharpness": 178.56143736059403,
      "transform_matrix": [
        [
          0.3627281190356273,
          -0.17577357582985936,
          0.9151677231925115,
          3.4420636932110393
        ],
        [
          0.9201616055806908,
          -0.08779192145447753,
          -0.3815693883650159,
          -1.5378984197865726
        ],
        [
          0.14741414869232117,
          0.9805081480716638,
          0.12989549721855664,
          -0.4128025001190903
        ],
        [
          0.0,
          0.0,
          0.0,
          1.0
        ]
      ]
    },
    {
      "file_path": "./../latent-control-idea/instr/data/images/129.png",
      "sharpness": 223.11641468365988,
      "transform_matrix": [
        [
          0.18746287358482167,
          -0.17808272581323073,
          0.9659938993941711,
          3.9520791170965013
        ],
        [
          0.981833764245045,
          0.004608752503867542,
          -0.18968716030221877,
          -1.0931228399960975
        ],
        [
          0.029327979755836786,
          0.9840047266323271,
          0.17571160302023894,
          0.871946417189221
        ],
        [
          0.0,
          0.0,
          0.0,
          1.0
        ]
      ]
    },
    {
      "file_path": "./../latent-control-idea/instr/data/images/130.png",
      "sharpness": 230.67485495799377,
      "transform_matrix": [
        [
          0.18810251790770052,
          -0.1853594323396501,
          0.964499519684697,
          3.9461660288756053
        ],
        [
          0.9817621364349439,
          0.00791157615416506,
          -0.18994871523705495,
          -1.0897518528874417
        ],
        [
          0.02757807462934533,
          0.9826389406455482,
          0.18346705969736044,
          0.8619461635174386
        ],
        [
          0.0,
          0.0,
          0.0,
          1.0
        ]
      ]
    },
    {
      "file_path": "./../latent-control-idea/instr/data/images/29.png",
      "sharpness": 271.4674279181162,
      "transform_matrix": [
        [
          0.6567100987370034,
          -0.09029640503418787,
          0.7487178409302416,
          2.6082923406526395
        ],
        [
          0.7418963421814975,
          -0.10084052759940534,
          -0.6628883808349216,
          -2.451700303388957
        ],
        [
          0.13535753983082047,
          0.9907965215418881,
          0.0007675797705059495,
          0.2617052080205668
        ],
        [
          0.0,
          0.0,
          0.0,
          1.0
        ]
      ]
    },
    {
      "file_path": "./../latent-control-idea/instr/data/images/3.png",
      "sharpness": 252.04312097294067,
      "transform_matrix": [
        [
          0.2307445729283194,
          -0.32225770448710866,
          0.918099620866566,
          3.8365932351831096
        ],
        [
          0.9716467035084205,
          0.026303540518213094,
          -0.2349698008514768,
          -0.7361525044292191
        ],
        [
          0.05157155806897006,
          0.9462864764558558,
          0.31919003546846786,
          1.1337008735925902
        ],
        [
          0.0,
          0.0,
          0.0,
          1.0
        ]
      ]
    },
    {
      "file_path": "./../latent-control-idea/instr/data/images/30.png",
      "sharpness": 286.746624249257,
      "transform_matrix": [
        [
          0.6126010765727171,
          -0.07598350572348002,
          0.7867314838700832,
          2.74892579538884
        ],
        [
          0.7854952531383038,
          -0.05210214260603648,
          -0.616670555505781,
          -2.312657385261278
        ],
        [
          0.08784718664903293,
          0.9957468922679413,
          0.02776685441039738,
          0.5241390714563278
        ],
        [
          0.0,
          0.0,
          0.0,
          1.0
        ]
      ]
    },
    {
      "file_path": "./../latent-control-idea/instr/data/images/34.png",
      "sharpness": 177.94497415787382,
      "transform_matrix": [
        [
          0.31827916048970806,
          -0.27849416561817,
          0.9061674103536891,
          3.0908555619526306
        ],
        [
          0.947992617503992,
          0.09058311131872421,
          -0.3051306230067804,
          -1.7089781287561547
        ],
        [
          0.0028936348533574563,
          0.9561567337683073,
          0.2928411296490285,
          1.5783197508961189
        ],
        [
          0.0,
          0.0,
          0.0,
          1.0
        ]
      ]
    },
    {
      "file_path": "./../latent-control-idea/instr/data/images/36.png",
      "sharpness": 195.27350142363443,
      "transform_matrix": [
        [
          0.2657348353840834,
          -0.4772282713624504,
          0.8376384507341498,
          2.7167554248662227
        ],
        [
          0.9629547023896744,
          0.09006303302242818,
          -0.2541788567587216,
          -1.443473078188842
        ],
        [
          0.045861076978523437,
          0.8741520616957446,
          0.4834820932761736,
          1.7624839746260312
        ],
        [
          0.0,
          0.0,
          0.0,
          1.0
        ]
      ]
    },
    {
      "file_path": "./../latent-control-idea/instr/data/images/32.png",
      "sharpness": 198.66691831587684,
      "transform_matrix": [
        [
          0.4574541554198058,
          -0.12522969082836244,
          0.8803710695477733,
          3.0517285957206113
        ],
        [
          0.8892102984984335,
          0.05731470127436292,
          -0.45389433798728246,
          -2.002224671290957
        ],
        [
          0.006382842753169757,
          0.9904708725757648,
          0.13757437902695693,
          1.0808655439817263
        ],
        [
          0.0,
          0.0,
          0.0,
          1.0
        ]
      ]
    },
    {
      "file_path": "./../latent-control-idea/instr/data/images/106.png",
      "sharpness": 677.8371041416486,
      "transform_matrix": [
        [
          -0.37100768607672696,
          0.09432642935712891,
          0.9238267269727763,
          4.080795911050583
        ],
        [
          0.9177825384708714,
          0.1888558605511567,
          0.34929740338027365,
          1.3438576946325558
        ],
        [
          -0.14152211467802428,
          0.9774640599690358,
          -0.15663812560539261,
          -0.9144193191151337
        ],
        [
          0.0,
          0.0,
          0.0,
          1.0
        ]
      ]
    },
    {
      "file_path": "./../latent-control-idea/instr/data/images/20.png",
      "sharpness": 187.45545597835118,
      "transform_matrix": [
        [
          0.6273337849603499,
          0.19772003209667308,
          0.7532324415660264,
          2.453550029183667
        ],
        [
          0.77511570588053,
          -0.06519056803327464,
          -0.628447159538161,
          -1.277117662438781
        ],
        [
          -0.07515294182816855,
          0.9780884308772209,
          -0.19415214803336317,
          -1.2128061013946225
        ],
        [
          0.0,
          0.0,
          0.0,
          1.0
        ]
      ]
    },
    {
      "file_path": "./../latent-control-idea/instr/data/images/26.png",
      "sharpness": 174.07129060804576,
      "transform_matrix": [
        [
          0.7824831631271029,
          -0.14334828916589296,
          0.6059466703335534,
          2.1838546674231334
        ],
        [
          0.598401504960469,
          -0.0959265426031875,
          -0.7954330501557002,
          -2.0357083574327914
        ],
        [
          0.17215033597283916,
          0.9850123685950557,
          0.01071892748638984,
          -0.13181379558892325
        ],
        [
          0.0,
          0.0,
          0.0,
          1.0
        ]
      ]
    },
    {
      "file_path": "./../latent-control-idea/instr/data/images/108.png",
      "sharpness": 668.0366105523746,
      "transform_matrix": [
        [
          -0.2830066926431422,
          0.1800483906433873,
          0.9420667645227813,
          4.001766440800661
        ],
        [
          0.9477009287404271,
          0.20359582986108685,
          0.24578789173281887,
          1.147931420618382
        ],
        [
          -0.1475471503614396,
          0.962357166004765,
          -0.22825100947587923,
          -1.1698663240667189
        ],
        [
          0.0,
          0.0,
          0.0,
          1.0
        ]
      ]
    },
    {
      "file_path": "./../latent-control-idea/instr/data/images/24.png",
      "sharpness": 157.81911813811195,
      "transform_matrix": [
        [
          0.7650185580633393,
          -0.009050746124562907,
          0.6439446324691144,
          2.1924533554983947
        ],
        [
          0.6421465335758857,
          -0.06525407289818903,
          -0.7637995387413035,
          -1.6002695703991867
        ],
        [
          0.04893296570474306,
          0.9978276353321552,
          -0.04410867150616926,
          -0.4705586232078346
        ],
        [
          0.0,
          0.0,
          0.0,
          1.0
        ]
      ]
    },
    {
      "file_path": "./../latent-control-idea/instr/data/images/16.png",
      "sharpness": 414.61494853447806,
      "transform_matrix": [
        [
          0.3119154487345071,
          0.4085483322225773,
          0.8577861114237085,
          2.9566062226562786
        ],
        [
          0.9454782224464822,
          -0.044433111035181244,
          -0.32264009285569545,
          -0.8966267391229824
        ],
        [
          -0.09369996631100574,
          0.9116545172109954,
          -0.4001329247004859,
          -1.3697727808737756
        ],
        [
          0.0,
          0.0,
          0.0,
          1.0
        ]
      ]
    },
    {
      "file_path": "./../latent-control-idea/instr/data/images/109.png",
      "sharpness": 671.8289984058697,
      "transform_matrix": [
        [
          -0.24252757029701164,
          0.22465301342619998,
          0.9437750797074804,
          4.017624722583321
        ],
        [
          0.9612540322915353,
          0.18704626264462929,
          0.2024953852034578,
          1.0149011591166524
        ],
        [
          -0.1310384029455654,
          0.9563183147148325,
          -0.2613124906347176,
          -1.3345679323147872
        ],
        [
          0.0,
          0.0,
          0.0,
          1.0
        ]
      ]
    },
    {
      "file_path": "./../latent-control-idea/instr/data/images/21.png",
      "sharpness": 194.01070806732173,
      "transform_matrix": [
        [
          0.6732825499534036,
          0.14507250970327396,
          0.7250134996875172,
          2.3718820300390373
        ],
        [
          0.7383400843342822,
          -0.07979620131394953,
          -0.6696913364497593,
          -1.380595870305446
        ],
        [
          -0.03930047972890993,
          0.9861980191893713,
          -0.16083823894615237,
          -1.0048548633448184
        ],
        [
          0.0,
          0.0,
          0.0,
          1.0
        ]
      ]
    },
    {
      "file_path": "./../latent-control-idea/instr/data/images/28.png",
      "sharpness": 199.33492006412078,
      "transform_matrix": [
        [
          0.70966754852853,
          -0.14503428640334934,
          0.6894468987568828,
          2.3784065176065465
        ],
        [
          0.6796189644666497,
          -0.11702923512096543,
          -0.7241700223421543,
          -2.420167333462481
        ],
        [
          0.18571492564313158,
          0.9824811518613031,
          0.015516201143139412,
          0.03537201399235738
        ],
        [
          0.0,
          0.0,
          0.0,
          1.0
        ]
      ]
    },
    {
      "file_path": "./../latent-control-idea/instr/data/images/113.png",
      "sharpness": 478.1978745115494,
      "transform_matrix": [
        [
          -0.026330435805532862,
          0.23948058024023608,
          0.9705440534620754,
          3.939462386071764
        ],
        [
          0.9964804423067101,
          0.08358008023941772,
          0.006410794190447654,
          0.1248342185396443
        ],
        [
          -0.07958288915172078,
          0.9672969666769302,
          -0.24083841445902318,
          -1.720497187623468
        ],
        [
          0.0,
          0.0,
          0.0,
          1.0
        ]
      ]
    },
    {
      "file_path": "./../latent-control-idea/instr/data/images/19.png",
      "sharpness": 216.6827739149305,
      "transform_matrix": [
        [
          0.5692597361089563,
          0.3031275163334526,
          0.7642362603012103,
          2.5971779832172337
        ],
        [
          0.8098681779108576,
          -0.04662600833291872,
          -0.5847559745304381,
          -1.1624566695083736
        ],
        [
          -0.14162233997943646,
          0.951808659372882,
          -0.2720356385270281,
          -1.389044868866361
        ],
        [
          0.0,
          0.0,
          0.0,
          1.0
        ]
      ]
    },
    {
      "file_path": "./../latent-control-idea/instr/data/images/14.png",
      "sharpness": 418.04041585259966,
      "transform_matrix": [
        [
          0.22049673980780865,
          0.33488860585609886,
          0.9160954149401642,
          3.3344301604184934
        ],
        [
          0.9752130004161612,
          -0.05791570488603884,
          -0.2135541499049315,
          -0.8864707714054326
        ],
        [
          -0.018460539837319045,
          0.940476152097751,
          -0.33935794623315396,
          -0.8658590100682153
        ],
        [
          0.0,
          0.0,
          0.0,
          1.0
        ]
      ]
    },
    {
      "file_path": "./../latent-control-idea/instr/data/images/17.png",
      "sharpness": 216.04983264664546,
      "transform_matrix": [
        [
          0.3716837222435448,
          0.4186605356814792,
          0.8285979521786097,
          2.8066854648816237
        ],
        [
          0.9164039210623662,
          -0.022679473755061852,
          -0.39961168016772214,
          -0.918282130038939
        ],
        [
          -0.14850947457366157,
          0.907859569097461,
          -0.39209174771638444,
          -1.487677400168539
        ],
        [
          0.0,
          0.0,
          0.0,
          1.0
        ]
      ]
    },
    {
      "file_path": "./../latent-control-idea/instr/data/images/27.png",
      "sharpness": 193.94052256010906,
      "transform_matrix": [
        [
          0.7649112529664229,
          -0.16017657748975014,
          0.6239024274528129,
          2.294467668019192
        ],
        [
          0.6173758765971131,
          -0.09397204661820333,
          -0.7810353906482655,
          -2.24861112096077
        ],
        [
          0.18373296377021503,
          0.9826050673316312,
          0.027008879015510946,
          -0.09304912778722488
        ],
        [
          0.0,
          0.0,
          0.0,
          1.0
        ]
      ]
    },
    {
      "file_path": "./../latent-control-idea/instr/data/images/15.png",
      "sharpness": 370.68842295629725,
      "transform_matrix": [
        [
          0.24973142240215268,
          0.3487309916634012,
          0.9033387581582913,
          3.2013698220309106
        ],
        [
          0.9677685866684328,
          -0.05854817520971046,
          -0.24494095989065065,
          -0.8867561981280409
        ],
        [
          -0.032529667955277945,
          0.9353923275837076,
          -0.3521122180037422,
          -1.0944781218842958
        ],
        [
          0.0,
          0.0,
          0.0,
          1.0
        ]
      ]
    },
    {
      "file_path": "./../latent-control-idea/instr/data/images/18.png",
      "sharpness": 238.86227771500484,
      "transform_matrix": [
        [
          0.4850909858713574,
          0.37548074456541614,
          0.7897473936389158,
          2.694333831897257
        ],
        [
          0.856905555104061,
          -0.0240392572356673,
          -0.5149125981544005,
          -1.0236553650951683
        ],
        [
          -0.17435482499424335,
          0.9265183886144406,
          -0.33341276284477883,
          -1.5066022361072442
        ],
        [
          0.0,
          0.0,
          0.0,
          1.0
        ]
      ]
    },
    {
      "file_path": "./../latent-control-idea/instr/data/images/25.png",
      "sharpness": 149.0785975962215,
      "transform_matrix": [
        [
          0.7742758490723619,
          -0.059214476844232845,
          0.6300718650660746,
          2.1499971629536563
        ],
        [
          0.625561568252788,
          -0.07903579482371936,
          -0.7761611092140933,
          -1.7249196399298445
        ],
        [
          0.09575820468051274,
          0.995111545876381,
          -0.024153206146297526,
          -0.3066993119471141
        ],
        [
          0.0,
          0.0,
          0.0,
          1.0
        ]
      ]
    },
    {
      "file_path": "./../latent-control-idea/instr/data/images/22.png",
      "sharpness": 195.38164151505364,
      "transform_matrix": [
        [
          0.7095560972218085,
          0.10347900637196653,
          0.6970094977890411,
          2.3245475343776594
        ],
        [
          0.7043749231713904,
          -0.0765755709262912,
          -0.7056855883035776,
          -1.4484608260965977
        ],
        [
          -0.019649743254427362,
          0.9916795233572478,
          -0.12722268041209672,
          -0.824537914052765
        ],
        [
          0.0,
          0.0,
          0.0,
          1.0
        ]
      ]
    },
    {
      "file_path": "./../latent-control-idea/instr/data/images/13.png",
      "sharpness": 367.451892767334,
      "transform_matrix": [
        [
          0.2165526512270972,
          0.2548996311170709,
          0.9424070920655264,
          3.4399523072591
        ],
        [
          0.976189761637296,
          -0.0689844607797501,
          -0.20565673691907724,
          -0.8571878138867763
        ],
        [
          0.012589618703739336,
          0.9645036661912834,
          -0.2637691780169346,
          -0.6523924991548767
        ],
        [
          0.0,
          0.0,
          0.0,
          1.0
        ]
      ]
    },
    {
      "file_path": "./../latent-control-idea/instr/data/images/23.png",
      "sharpness": 170.99479206719928,
      "transform_matrix": [
        [
          0.7432652162335551,
          0.041799768902297606,
